DataLoader: found 20 files matching finewebedu10B/finewebedu_train_*.bin
/workspace/nanoGPT_1GPU_SPEEDRUN/train_gpt2_3060ti.py:304: UserWarning: The given buffer is not writable, and PyTorch does not support non-writable tensors. This means you can write to the underlying (supposedly non-writable) buffer using the tensor. You may want to copy the buffer to protect its data or make it writable before converting it to a tensor. This type of warning will be suppressed for the rest of this program. (Triggered internally at /pytorch/torch/csrc/utils/tensor_new.cpp:1581.)
  return torch.frombuffer(f.read(), dtype=torch.uint16)[256*2:]
DataLoader: found 1 files matching finewebedu10B/finewebedu_val_*.bin
Running in BF16 mode (no FP8 - RTX 3060 Ti)
Run ID: 7d8bdb2b-ff88-44e0-819b-82c8cd584709
GPU: RTX 3060 Ti (8GB)
Config: batch_size=8, seq_len=12288, iters=7000
Tokens per step: 98,304
Total tokens: 688.1M
Val every 250 steps

Step	Loss	ValLoss	Time(ms)	kt/s	Window	ETA(m)
1	10.812	10.078	9148	10.7	256	1067.3
2	10.125		2749	35.8	256	320.7
3	9.250		2742	35.8	256	319.8
4	9.438		2742	35.8	256	319.8
5	8.562		2755	35.7	256	321.3
6	9.062		2754	35.7	256	321.1
7	8.688		2755	35.7	256	321.1
8	9.625		2762	35.6	256	321.9
9	8.188		2757	35.7	256	321.3
10	8.500		2762	35.6	256	321.8
11	8.438		2756	35.7	256	321.0
12	8.312		2761	35.6	256	321.6
13	8.375		2767	35.5	256	322.3
14	8.188		2763	35.6	256	321.7
15	8.125		2763	35.6	256	321.7
16	7.812		2778	35.4	256	323.4
17	8.500		2780	35.4	256	323.5
18	8.125		2774	35.4	256	322.8
19	7.719		2777	35.4	256	323.2
20	7.719		2770	35.5	256	322.3
21	7.906		2773	35.4	256	322.6
22	7.938		2779	35.4	256	323.2
23	8.125		2774	35.4	256	322.7
24	7.812		2788	35.3	256	324.2
25	7.719		2770	35.5	256	322.1
26	7.656		2775	35.4	256	322.6
27	7.938		2776	35.4	256	322.7
28	7.531		2774	35.4	256	322.4
29	7.969		2775	35.4	256	322.5
30	7.656		2780	35.4	256	323.0
31	7.812		2775	35.4	256	322.4
32	8.188		2776	35.4	256	322.5
33	8.438		2783	35.3	256	323.2
34	7.562		2772	35.5	256	321.9
35	7.500		2782	35.3	256	323.0
36	7.719		2775	35.4	256	322.1
37	7.625		2772	35.5	256	321.8
38	7.469		2781	35.3	256	322.8
39	7.562		2775	35.4	256	322.0
40	7.875		2773	35.5	256	321.7
41	7.562		2779	35.4	256	322.4
42	7.531		2775	35.4	256	321.9
43	7.281		2780	35.4	256	322.4
44	7.438		2777	35.4	256	322.0
45	7.156		2776	35.4	256	321.9
46	7.656		2778	35.4	256	322.0
47	7.344		2774	35.4	256	321.5
48	7.562		2775	35.4	256	321.6
49	7.438		2780	35.4	256	322.1
50	7.000		2773	35.5	256	321.2
51	7.844		2777	35.4	256	321.6
52	7.250		2781	35.4	256	322.1
53	7.406		2775	35.4	256	321.3
54	7.469		2779	35.4	256	321.7
55	7.656		2774	35.4	256	321.1
56	7.344		2773	35.5	256	321.0
57	7.094		2782	35.3	256	322.0
58	7.312		2777	35.4	256	321.3
59	7.219		2771	35.5	256	320.7
60	7.312		2779	35.4	256	321.5
61	7.000		2775	35.4	256	321.0
62	7.000		2774	35.4	256	320.9
63	6.969		2776	35.4	256	321.0
64	7.031		2774	35.4	256	320.7
65	7.156		2779	35.4	256	321.2
66	7.062		2774	35.4	256	320.6
67	6.875		2776	35.4	256	320.8
68	7.156		2782	35.3	256	321.4
69	7.031		2774	35.4	256	320.5
70	7.094		2778	35.4	256	320.9
71	7.125		2781	35.3	256	321.2
72	6.875		2773	35.5	256	320.2
73	7.188		2774	35.4	256	320.3
74	7.125		2780	35.4	256	321.0
75	6.812		2775	35.4	256	320.4
76	6.969		2776	35.4	256	320.4
77	6.938		2781	35.3	256	320.9
78	7.156		2774	35.4	256	320.1
79	6.625		2782	35.3	256	321.0
80	6.750		2776	35.4	256	320.2
81	6.562		2774	35.4	256	319.9
82	6.906		2777	35.4	256	320.2
83	6.719		2777	35.4	256	320.2
84	6.906		2780	35.4	256	320.4
85	6.406		2783	35.3	256	320.7
86	6.438		2775	35.4	256	319.8
87	6.656		2781	35.4	256	320.4
88	6.375		2777	35.4	256	319.9
89	6.812		2779	35.4	256	320.2
90	6.438		2781	35.3	256	320.3
91	6.500		2775	35.4	256	319.6
92	6.344		2772	35.5	256	319.2
93	6.250		2780	35.4	256	320.1
94	6.438		2773	35.5	256	319.2
95	6.188		2773	35.5	256	319.2
96	5.969		2777	35.4	256	319.6
97	6.438		2778	35.4	256	319.6
98	6.562		2782	35.3	256	320.1
99	6.188		2777	35.4	256	319.5
100	7.281		2779	35.4	256	319.6
101	7.000		2786	35.3	256	320.4
102	6.344		2777	35.4	256	319.3
103	6.656		2776	35.4	256	319.1
104	11.000		2784	35.3	256	320.0
105	6.188		2774	35.4	256	318.8
106	6.188		2776	35.4	256	319.0
107	5.844		2779	35.4	256	319.3
108	6.344		2782	35.3	256	319.6
109	6.312		2773	35.4	256	318.5
110	6.125		2786	35.3	256	320.0
111	6.406		2771	35.5	256	318.3
112	6.188		2780	35.4	256	319.2
113	6.062		2774	35.4	256	318.4
114	6.062		2773	35.5	256	318.3
115	5.875		2780	35.4	256	319.1
116	6.156		2772	35.5	256	318.1
117	6.062		2779	35.4	256	318.8
118	6.062		2779	35.4	256	318.8
119	6.188		2773	35.4	256	318.1
120	6.188		2771	35.5	256	317.8
121	6.344		2783	35.3	256	319.1
122	6.281		2775	35.4	256	318.1
123	6.625		2781	35.3	256	318.8
124	6.062		2771	35.5	256	317.6
125	6.031		2774	35.4	256	318.0
126	6.375		2786	35.3	256	319.2
127	6.250		2775	35.4	256	318.0
128	5.750		2771	35.5	256	317.4
129	5.781		2777	35.4	256	318.1
130	5.625		2774	35.4	256	317.6
131	5.625		2777	35.4	256	317.9
132	5.750		2789	35.2	256	319.3
133	5.719		2772	35.5	256	317.3
134	5.688		2775	35.4	256	317.6
135	5.688		2781	35.4	256	318.2
136	5.688		2775	35.4	256	317.5
137	5.750		2780	35.4	256	318.1
138	6.250		2775	35.4	256	317.4
139	6.156		2776	35.4	256	317.5
140	5.750		2778	35.4	256	317.7
141	5.844		2774	35.4	256	317.2
142	5.781		2774	35.4	256	317.1
143	5.719		2778	35.4	256	317.6
144	5.781		2776	35.4	256	317.3
145	5.625		2781	35.3	256	317.8
146	5.875		2775	35.4	256	317.0
147	5.688		2773	35.4	256	316.8
148	5.812		2779	35.4	256	317.4
149	5.875		2775	35.4	256	317.0
150	5.812		2775	35.4	256	316.8
151	5.719		2783	35.3	256	317.7
152	5.906		2773	35.4	256	316.6
153	5.625		2775	35.4	256	316.7
154	5.438		2779	35.4	256	317.1
155	5.406		2773	35.5	256	316.4
156	5.438		2778	35.4	256	316.9
157	5.562		2775	35.4	256	316.5
158	5.438		2774	35.4	256	316.4
159	5.375		2780	35.4	256	317.0
160	5.875		2774	35.4	256	316.2
161	5.688		2775	35.4	256	316.4
162	5.469		2782	35.3	256	317.1
163	5.844		2776	35.4	256	316.4
164	6.219		2775	35.4	256	316.2
165	5.469		2776	35.4	256	316.3
166	5.375		2776	35.4	256	316.3
167	5.719		2781	35.3	256	316.8
168	5.688		2775	35.4	256	316.0
169	5.469		2774	35.4	256	315.9
170	5.562		2781	35.4	256	316.6
171	5.281		2776	35.4	256	316.0
172	5.219		2775	35.4	256	315.8
173	5.500		2778	35.4	256	316.1
174	5.562		2775	35.4	256	315.7
175	5.625		2777	35.4	256	316.0
176	5.688		2782	35.3	256	316.5
177	6.000		2780	35.4	256	316.1
178	5.250		2779	35.4	256	316.1
179	5.594		2776	35.4	256	315.7
180	5.594		2777	35.4	256	315.7
181	5.250		2780	35.4	256	316.0
182	5.344		2774	35.4	256	315.2
183	5.500		2774	35.4	256	315.2
184	5.219		2780	35.4	256	315.8
185	5.344		2776	35.4	256	315.3
186	5.125		2777	35.4	256	315.4
187	5.406		2779	35.4	256	315.6
188	5.125		2775	35.4	256	315.1
189	5.500		2785	35.3	256	316.1
190	5.406		2776	35.4	256	315.2
191	5.250		2775	35.4	256	314.9
192	5.688		2780	35.4	256	315.5
193	5.375		2778	35.4	256	315.2
194	5.469		2778	35.4	256	315.2
195	5.344		2783	35.3	256	315.7
196	5.406		2774	35.4	256	314.7
197	5.125		2776	35.4	256	314.8
198	5.156		2782	35.3	256	315.4
199	5.281		2776	35.4	256	314.7
200	5.094		2785	35.3	256	315.7
201	5.188		2778	35.4	256	314.8
202	5.062		2773	35.4	256	314.2
203	5.156		2784	35.3	256	315.5
204	5.594		2780	35.4	256	314.9
205	5.281		2777	35.4	256	314.5
206	5.281		2782	35.3	256	315.1
207	5.250		2776	35.4	256	314.3
208	5.281		2776	35.4	256	314.3
209	5.531		2784	35.3	256	315.2
210	5.000		2778	35.4	256	314.4
211	5.156		2781	35.4	256	314.7
212	5.219		2776	35.4	256	314.1
213	5.312		2777	35.4	256	314.2
214	5.281		2782	35.3	256	314.7
215	4.844		2777	35.4	256	314.1
216	5.125		2778	35.4	256	314.1
217	5.406		2780	35.4	256	314.3
218	4.938		2776	35.4	256	313.8
219	5.219		2783	35.3	256	314.6
220	4.906		2776	35.4	256	313.8
221	5.188		2777	35.4	256	313.8
222	5.594		2783	35.3	256	314.5
223	5.219		2777	35.4	256	313.7
224	5.438		2782	35.3	256	314.2
225	5.375		2782	35.3	256	314.2
226	5.375		2778	35.4	256	313.6
227	5.438		2775	35.4	256	313.4
228	4.969		2782	35.3	256	314.1
229	5.312		2779	35.4	256	313.6
230	5.250		2777	35.4	256	313.4
231	5.000		2782	35.3	256	313.9
232	5.094		2776	35.4	256	313.2
233	5.438		2785	35.3	256	314.1
234	4.156		2779	35.4	256	313.4
235	5.156		2777	35.4	256	313.1
236	5.594		2782	35.3	256	313.7
237	5.781		2777	35.4	256	313.0
238	5.000		2777	35.4	256	313.0
239	4.781		2782	35.3	256	313.5
240	5.125		2786	35.3	256	313.9
241	5.250		2777	35.4	256	312.9
242	5.000		2782	35.3	256	313.4
243	5.062		2778	35.4	256	312.8
244	4.969		2784	35.3	256	313.5
245	5.406		2778	35.4	256	312.8
246	5.250		2776	35.4	256	312.5
247	4.906		2784	35.3	256	313.3
248	4.969		2777	35.4	256	312.5
249	5.656		2779	35.4	256	312.7
250	5.250		2786	35.3	256	313.5
251	5.281	5.371	2776	35.4	256	312.3
252	5.312		2779	35.4	256	312.5
253	5.500		2776	35.4	256	312.2
254	5.406		2782	35.3	256	312.8
255	5.000		2774	35.4	256	311.9
256	5.188		2774	35.4	256	311.8
257	5.156		2783	35.3	256	312.8
258	5.094		2778	35.4	256	312.2
259	5.094		2778	35.4	256	312.2
260	5.156		2779	35.4	256	312.2
261	5.125		2775	35.4	256	311.7
262	5.281		2786	35.3	256	312.9
263	5.188		2778	35.4	256	311.9
264	5.438		2776	35.4	256	311.7
265	5.156		2780	35.4	256	312.1
266	5.281		2779	35.4	256	312.0
267	5.219		2778	35.4	256	311.8
268	5.406		2781	35.3	256	312.1
269	4.625		2777	35.4	256	311.6
270	5.500		2783	35.3	256	312.2
271	5.094		2779	35.4	256	311.7
272	5.281		2781	35.3	256	311.9
273	5.094		2780	35.4	256	311.8
274	5.250		2778	35.4	256	311.5
275	5.250		2775	35.4	256	311.1
276	5.094		2781	35.4	256	311.7
277	5.344		2783	35.3	256	311.9
278	5.281		2778	35.4	256	311.3
279	5.156		2782	35.3	256	311.6
280	5.812		2779	35.4	256	311.3
281	5.000		2784	35.3	256	311.8
282	5.125		2779	35.4	256	311.2
283	5.125		2777	35.4	256	311.0
284	5.125		2785	35.3	256	311.8
285	5.156		2780	35.4	256	311.1
286	5.125		2777	35.4	256	310.8
287	5.000		2782	35.3	256	311.3
288	4.969		2779	35.4	256	311.0
289	4.938		2779	35.4	256	310.9
290	5.188		2782	35.3	256	311.1
291	4.906		2776	35.4	256	310.4
292	4.844		2785	35.3	256	311.4
293	4.875		2778	35.4	256	310.6
294	4.750		2775	35.4	256	310.3
295	5.156		2787	35.3	256	311.5
296	5.062		2777	35.4	256	310.3
297	4.969		2777	35.4	256	310.3
298	5.031		2784	35.3	256	311.0
299	4.750		2777	35.4	256	310.2
300	4.812		2777	35.4	256	310.2
301	5.281		2785	35.3	256	311.0
302	5.188		2778	35.4	256	310.2
303	4.969		2777	35.4	256	310.0
304	5.062		2783	35.3	256	310.6
305	5.094		2775	35.4	256	309.7
306	5.062		2782	35.3	256	310.4
307	4.875		2776	35.4	256	309.7
308	4.781		2779	35.4	256	310.0
309	5.000		2781	35.3	256	310.2
310	5.000		2778	35.4	256	309.8
311	5.188		2776	35.4	256	309.5
312	4.938		2782	35.3	256	310.1
313	4.750		2777	35.4	256	309.6
314	4.719		2778	35.4	256	309.6
315	4.812		2780	35.4	256	309.8
316	4.938		2776	35.4	256	309.3
317	4.938		2778	35.4	256	309.5
318	4.812		2784	35.3	256	310.1
319	4.844		2778	35.4	256	309.4
320	4.938		2783	35.3	256	309.9
321	4.781		2777	35.4	256	309.2
322	5.094		2779	35.4	256	309.4
323	4.688		2783	35.3	256	309.7
324	5.031		2777	35.4	256	309.0
325	5.031		2775	35.4	256	308.8
326	4.938		2786	35.3	256	310.0
327	4.812		2774	35.4	256	308.6
328	4.688		2791	35.2	256	310.5
329	4.906		2778	35.4	256	308.9
330	5.125		2779	35.4	256	308.9
331	4.812		2792	35.2	256	310.3
332	5.000		2783	35.3	256	309.3
333	4.719		2782	35.3	256	309.2
334	4.938		2786	35.3	256	309.6
335	5.000		2777	35.4	256	308.5
336	5.094		2780	35.4	256	308.8
337	4.688		2783	35.3	256	309.1
338	5.094		2778	35.4	256	308.4
339	4.812		2780	35.4	256	308.7
340	4.812		2778	35.4	256	308.4
341	4.781		2778	35.4	256	308.3
342	4.906		2781	35.3	256	308.7
343	4.938		2773	35.5	256	307.7
344	4.750		2776	35.4	256	308.0
345	4.656		2782	35.3	256	308.6
346	4.781		2779	35.4	256	308.2
347	4.750		2779	35.4	256	308.2
348	5.031		2789	35.2	256	309.3
349	4.812		2776	35.4	256	307.8
350	4.875		2787	35.3	256	308.9
351	4.812		2784	35.3	256	308.5
352	4.938		2782	35.3	256	308.3
353	4.812		2782	35.3	256	308.3
354	4.812		2778	35.4	256	307.7
355	4.719		2777	35.4	256	307.6
356	4.906		2784	35.3	256	308.4
357	4.750		2778	35.4	256	307.6
358	5.031		2779	35.4	256	307.7
359	4.719		2781	35.3	256	307.9
360	5.375		2780	35.4	256	307.7
361	4.938		2784	35.3	256	308.1
362	4.875		2780	35.4	256	307.6
363	4.844		2775	35.4	256	307.1
364	4.906		2782	35.3	256	307.7
365	4.906		2779	35.4	256	307.4
366	4.938		2778	35.4	256	307.2
367	4.594		2784	35.3	256	307.8
368	4.781		2780	35.4	256	307.3
369	4.969		2783	35.3	256	307.6
370	4.719		2778	35.4	256	307.0
371	4.688		2780	35.4	256	307.2
372	4.875		2784	35.3	256	307.6
373	4.594		2780	35.4	256	307.1
374	4.844		2779	35.4	256	306.9
375	4.969		2785	35.3	256	307.6
376	4.469		2776	35.4	256	306.6
377	4.719		2778	35.4	256	306.6
378	4.625		2785	35.3	256	307.4
379	4.688		2780	35.4	256	306.9
380	4.750		2784	35.3	256	307.2
381	4.906		2778	35.4	256	306.5
382	4.594		2779	35.4	256	306.5
383	4.719		2786	35.3	256	307.3
384	4.844		2779	35.4	256	306.5
385	4.688		2779	35.4	256	306.4
386	4.781		2782	35.3	256	306.7
387	4.688		2780	35.4	256	306.4
388	4.969		2779	35.4	256	306.2
389	4.844		2784	35.3	256	306.8
390	4.656		2778	35.4	256	306.1
391	4.688		2779	35.4	256	306.2
392	4.688		2784	35.3	256	306.7
393	4.531		2779	35.4	256	306.1
394	4.906		2782	35.3	256	306.4
395	4.625		2784	35.3	256	306.6
396	4.781		2779	35.4	256	305.9
397	4.531		2778	35.4	256	305.8
398	4.812		2781	35.3	256	306.0
399	4.531		2778	35.4	256	305.7
400	4.531		2784	35.3	256	306.3
401	4.656		2780	35.4	256	305.8
402	4.625		2780	35.4	256	305.7
403	4.594		2786	35.3	256	306.4
404	4.750		2778	35.4	256	305.4
405	4.688		2779	35.4	256	305.6
406	4.531		2784	35.3	256	306.0
407	4.719		2780	35.4	256	305.5
408	4.875		2781	35.4	256	305.6
409	5.000		2787	35.3	256	306.2
410	4.500		2778	35.4	256	305.2
411	4.438		2786	35.3	256	306.0
412	4.625		2778	35.4	256	305.1
413	4.531		2776	35.4	256	304.8
414	4.938		2784	35.3	256	305.6
415	4.875		2780	35.4	256	305.2
416	4.750		2779	35.4	256	305.0
417	4.562		2786	35.3	256	305.7
418	4.781		2779	35.4	256	304.9
419	4.688		2777	35.4	256	304.7
420	4.688		2782	35.3	256	305.1
421	4.844		2778	35.4	256	304.6
422	4.375		2781	35.4	256	304.9
423	4.906		2785	35.3	256	305.3
424	4.719		2777	35.4	256	304.4
425	4.594		2775	35.4	256	304.2
426	4.812		2785	35.3	256	305.2
427	4.750		2779	35.4	256	304.5
428	4.406		2787	35.3	256	305.3
429	4.688		2778	35.4	256	304.3
430	4.531		2778	35.4	256	304.2
431	4.594		2782	35.3	256	304.6
432	4.531		2779	35.4	256	304.3
433	4.562		2781	35.3	256	304.5
434	4.562		2783	35.3	256	304.6
435	4.750		2778	35.4	256	304.0
436	4.562		2781	35.4	256	304.2
437	4.750		2785	35.3	256	304.6
438	4.875		2784	35.3	256	304.6
439	4.562		2782	35.3	256	304.2
440	4.594		2785	35.3	256	304.5
441	4.719		2780	35.4	256	303.9
442	4.625		2785	35.3	256	304.5
443	4.469		2780	35.4	256	303.9
444	4.562		2781	35.3	256	303.9
445	4.719		2788	35.3	256	304.6
446	4.719		2780	35.4	256	303.8
447	4.312		2780	35.4	256	303.6
448	4.344		2782	35.3	256	303.9
449	4.531		2783	35.3	256	303.9
450	4.719		2780	35.4	256	303.5
451	4.406		2787	35.3	256	304.3
452	4.562		2780	35.4	256	303.5
453	4.562		2779	35.4	256	303.3
454	4.438		2784	35.3	256	303.8
455	4.500		2787	35.3	256	304.1
456	4.594		2787	35.3	256	304.0
457	4.344		2781	35.3	256	303.4
458	4.469		2779	35.4	256	303.0
459	4.500		2786	35.3	256	303.7
460	4.438		2779	35.4	256	303.0
461	4.062		2777	35.4	256	302.7
462	4.281		2785	35.3	256	303.6
463	4.531		2780	35.4	256	303.0
464	4.438		2781	35.4	256	303.0
465	4.750		2787	35.3	256	303.6
466	4.406		2781	35.4	256	302.8
467	4.656		2784	35.3	256	303.2
468	4.500		2778	35.4	256	302.5
469	4.562		2780	35.4	256	302.7
470	4.156		2786	35.3	256	303.3
471	4.469		2780	35.4	256	302.5
472	4.438		2779	35.4	256	302.3
473	4.438		2786	35.3	256	303.1
474	4.625		2780	35.4	256	302.4
475	4.188		2780	35.4	256	302.4
476	4.344		2787	35.3	256	303.1
477	4.969		2784	35.3	256	302.7
478	4.438		2787	35.3	256	303.0
479	4.625		2781	35.3	256	302.3
480	4.375		2782	35.3	256	302.4
481	4.438		2786	35.3	256	302.7
482	4.438		2781	35.4	256	302.1
483	4.531		2783	35.3	256	302.3
484	4.438		2785	35.3	256	302.5
485	4.688		2784	35.3	256	302.3
486	4.656		2787	35.3	256	302.7
487	4.625		2781	35.4	256	301.9
488	4.406		2781	35.3	256	301.9
489	5.125		2788	35.3	256	302.6
490	4.469		2780	35.4	256	301.7
491	4.219		2779	35.4	256	301.6
492	4.656		2785	35.3	256	302.1
493	4.438		2780	35.4	256	301.5
494	4.781		2781	35.3	256	301.6
495	4.406		2787	35.3	256	302.2
496	4.844		2779	35.4	256	301.3
497	4.594		2785	35.3	256	301.9
498	4.188		2781	35.4	256	301.4
499	5.094		2778	35.4	256	301.0
500	4.469		2786	35.3	256	301.8
501	4.750	4.762	2779	35.4	256	301.1
502	4.469		2787	35.3	256	301.9
503	4.656		2782	35.3	256	301.3
504	4.719		2785	35.3	256	301.5
505	4.594		2779	35.4	256	300.9
506	4.469		2780	35.4	256	300.9
507	5.156		2790	35.2	256	301.9
508	4.625		2780	35.4	256	300.8
509	4.531		2781	35.3	256	300.9
510	4.562		2785	35.3	256	301.3
511	4.562		2780	35.4	256	300.8
512	4.438		2779	35.4	256	300.5
513	4.375		2787	35.3	256	301.3
514	4.750		2781	35.3	256	300.7
515	4.750		2786	35.3	256	301.1
516	4.719		2782	35.3	256	300.7
517	4.844		2780	35.4	256	300.4
518	4.406		2783	35.3	256	300.7
519	4.906		2779	35.4	256	300.2
520	4.656		2779	35.4	256	300.2
521	4.500		2787	35.3	256	300.9
522	4.562		2780	35.4	256	300.2
523	4.625		2789	35.2	256	301.1
524	4.719		2782	35.3	256	300.3
525	4.469		2779	35.4	256	300.0
526	4.656		2784	35.3	256	300.4
527	4.594		2779	35.4	256	299.9
528	4.438		2783	35.3	256	300.2
529	4.656		2781	35.3	256	300.0
530	4.500		2775	35.4	256	299.3
531	4.719		2783	35.3	256	300.1
532	4.375		2787	35.3	256	300.5
533	4.656		2780	35.4	256	299.7
534	4.531		2777	35.4	256	299.3
535	4.875		2785	35.3	256	300.1
536	4.344		2781	35.3	256	299.7
537	4.500		2785	35.3	256	300.1
538	4.719		2781	35.3	256	299.6
539	4.781		2780	35.4	256	299.4
540	4.531		2786	35.3	256	300.0
541	4.875		2777	35.4	256	299.0
542	4.594		2779	35.4	256	299.1
543	4.500		2785	35.3	256	299.8
544	4.500		2779	35.4	256	299.1
545	4.625		2781	35.4	256	299.2
546	4.531		2782	35.3	256	299.3
547	4.656		2781	35.4	256	299.1
548	4.500		2780	35.4	256	299.0
549	4.562		2791	35.2	256	300.2
550	4.438		2779	35.4	256	298.7
551	4.531		2794	35.2	256	300.3
552	4.406		2786	35.3	256	299.5
553	4.281		2784	35.3	256	299.2
554	4.406		2782	35.3	256	299.0
555	4.531		2791	35.2	256	299.9
556	4.875		2780	35.4	256	298.6
557	4.594		2785	35.3	256	299.1
558	4.906		2780	35.4	256	298.5
559	4.375		2778	35.4	256	298.3
560	5.406		2782	35.3	256	298.6
561	4.469		2778	35.4	256	298.2
562	4.375		2784	35.3	256	298.7
563	4.594		2790	35.2	256	299.3
564	4.469		2782	35.3	256	298.4
565	4.719		2783	35.3	256	298.5
566	4.562		2777	35.4	256	297.8
567	4.562		2779	35.4	256	298.0
568	4.562		2786	35.3	256	298.7
569	4.562		2779	35.4	256	297.9
570	4.406		2784	35.3	256	298.4
571	4.781		2787	35.3	256	298.7
572	4.438		2779	35.4	256	297.8
573	4.625		2783	35.3	256	298.2
574	4.625		2778	35.4	256	297.6
575	4.625		2781	35.4	256	297.8
576	4.531		2785	35.3	256	298.2
577	4.812		2778	35.4	256	297.4
578	4.531		2780	35.4	256	297.6
579	4.594		2785	35.3	256	298.1
580	4.656		2781	35.4	256	297.6
581	4.219		2780	35.4	256	297.5
582	4.531		2784	35.3	256	297.9
583	4.406		2776	35.4	256	297.0
584	4.344		2784	35.3	256	297.8
585	4.500		2784	35.3	256	297.7
586	4.562		2776	35.4	256	296.8
587	4.375		2782	35.3	256	297.4
588	3.922		2778	35.4	256	296.9
589	4.688		2779	35.4	256	297.0
590	5.031		2785	35.3	256	297.5
591	4.469		2781	35.3	256	297.1
592	4.312		2779	35.4	256	296.8
593	4.469		2782	35.3	256	297.2
594	4.500		2779	35.4	256	296.8
595	4.469		2780	35.4	256	296.8
596	4.375		2786	35.3	256	297.4
597	4.656		2781	35.4	256	296.8
598	4.531		2784	35.3	256	297.1
599	4.438		2780	35.4	256	296.6
600	4.438		2779	35.4	256	296.5
601	4.594		2784	35.3	256	296.9
602	4.469		2779	35.4	256	296.4
603	4.344		2780	35.4	256	296.4
604	4.344		2784	35.3	256	296.8
605	4.531		2779	35.4	256	296.2
606	4.531		2780	35.4	256	296.3
607	4.500		2787	35.3	256	296.9
608	4.188		2783	35.3	256	296.5
609	4.406		2782	35.3	256	296.4
610	4.281		2778	35.4	256	295.9
611	4.438		2783	35.3	256	296.4
612	4.500		2776	35.4	256	295.6
613	4.688		2787	35.3	256	296.7
614	4.531		2781	35.4	256	296.0
615	4.594		2785	35.3	256	296.4
616	4.562		2777	35.4	256	295.5
617	4.625		2780	35.4	256	295.8
618	4.406		2782	35.3	256	296.0
619	4.375		2781	35.3	256	295.8
620	4.438		2780	35.4	256	295.7
621	4.344		2784	35.3	256	296.1
622	4.562		2781	35.4	256	295.6
623	4.438		2785	35.3	256	296.0
624	4.531		2779	35.4	256	295.4
625	4.219		2780	35.4	256	295.4
626	4.438		2784	35.3	256	295.8
627	4.562		2780	35.4	256	295.3
628	4.438		2778	35.4	256	295.0
629	4.312		2784	35.3	256	295.7
630	4.562		2781	35.3	256	295.3
631	4.344		2781	35.3	256	295.3
632	4.125		2783	35.3	256	295.4
633	4.344		2780	35.4	256	295.0
634	4.219		2785	35.3	256	295.6
635	4.375		2782	35.3	256	295.1
636	4.281		2779	35.4	256	294.8
637	4.594		2785	35.3	256	295.4
638	4.469		2779	35.4	256	294.7
639	4.375		2778	35.4	256	294.6
640	4.281		2786	35.3	256	295.3
641	4.344		2778	35.4	256	294.5
642	4.500		2787	35.3	256	295.3
643	4.406		2780	35.4	256	294.6
644	4.344		2779	35.4	256	294.4
645	4.438		2786	35.3	256	295.1
646	4.062		2781	35.4	256	294.5
647	4.375		2779	35.4	256	294.3
648	4.375		2784	35.3	256	294.8
649	4.375		2780	35.4	256	294.3
650	4.062		2786	35.3	256	294.9
651	4.281		2779	35.4	256	294.2
652	4.250		2780	35.4	256	294.1
653	4.250		2785	35.3	256	294.7
654	4.531		2781	35.3	256	294.2
655	4.312		2780	35.4	256	294.1
656	4.344		2784	35.3	256	294.5
657	4.250		2781	35.3	256	294.1
658	4.406		2777	35.4	256	293.6
659	4.438		2784	35.3	256	294.2
660	3.953		2779	35.4	256	293.7
661	4.156		2785	35.3	256	294.3
662	4.406		2782	35.3	256	293.9
663	4.219		2777	35.4	256	293.4
664	4.312		2783	35.3	256	293.9
665	4.656		2781	35.3	256	293.7
666	4.281		2779	35.4	256	293.4
667	4.281		2782	35.3	256	293.7
668	4.438		2779	35.4	256	293.3
669	4.375		2778	35.4	256	293.2
670	4.406		2783	35.3	256	293.7
671	4.312		2791	35.2	256	294.4
672	4.188		2787	35.3	256	294.0
673	4.469		2778	35.4	256	293.0
674	4.281		2780	35.4	256	293.1
675	4.375		2784	35.3	256	293.5
676	4.562		2780	35.4	256	293.0
677	4.438		2780	35.4	256	293.0
678	4.406		2785	35.3	256	293.5
679	4.344		2778	35.4	256	292.7
680	4.344		2777	35.4	256	292.5
681	4.375		2783	35.3	256	293.2
682	4.188		2781	35.4	256	292.9
683	4.250		2786	35.3	256	293.4
684	4.375		2778	35.4	256	292.4
685	4.500		2780	35.4	256	292.7
686	4.281		2785	35.3	256	293.1
687	4.250		2780	35.4	256	292.6
688	4.219		2780	35.4	256	292.5
689	4.438		2788	35.3	256	293.3
690	4.156		2777	35.4	256	292.1
691	4.219		2783	35.3	256	292.7
692	4.000		2779	35.4	256	292.2
693	4.438		2781	35.4	256	292.3
694	4.250		2785	35.3	256	292.8
695	4.281		2781	35.3	256	292.3
696	4.219		2780	35.4	256	292.1
697	4.062		2784	35.3	256	292.5
698	4.156		2779	35.4	256	291.9
699	4.094		2780	35.4	256	292.0
700	4.125		2785	35.3	256	292.5
701	4.438		2780	35.4	256	291.9
702	3.906		2783	35.3	256	292.2
703	4.219		2783	35.3	256	292.2
704	4.281		2780	35.4	256	291.7
705	4.094		2786	35.3	256	292.3
706	4.062		2779	35.4	256	291.6
707	4.344		2779	35.4	256	291.5
708	4.375		2785	35.3	256	292.1
709	4.438		2783	35.3	256	291.9
710	4.125		2781	35.3	256	291.6
711	4.250		2787	35.3	256	292.1
712	4.125		2778	35.4	256	291.2
713	4.188		2779	35.4	256	291.3
714	4.719		2789	35.2	256	292.2
715	4.219		2777	35.4	256	290.9
716	4.250		2779	35.4	256	291.1
717	4.250		2786	35.3	256	291.8
718	4.812		2782	35.3	256	291.4
719	4.438		2789	35.2	256	292.0
720	4.594		2781	35.4	256	291.1
721	4.375		2780	35.4	256	290.9
722	4.281		2788	35.3	256	291.7
723	4.281		2782	35.3	256	291.1
724	4.281		2779	35.4	256	290.7
725	4.438		2784	35.3	256	291.2
726	4.031		2780	35.4	256	290.7
727	4.375		2783	35.3	256	291.0
728	4.469		2779	35.4	256	290.5
729	4.125		2781	35.4	256	290.7
730	4.156		2786	35.3	256	291.2
731	4.438		2780	35.4	256	290.5
732	4.219		2779	35.4	256	290.4
733	4.531		2785	35.3	256	290.9
734	4.125		2780	35.4	256	290.4
735	4.156		2782	35.3	256	290.6
736	4.531		2786	35.3	256	290.9
737	4.344		2780	35.4	256	290.2
738	4.281		2783	35.3	256	290.5
739	4.344		2779	35.4	256	290.0
740	4.250		2780	35.4	256	290.1
741	4.438		2786	35.3	256	290.7
742	4.094		2779	35.4	256	289.9
743	4.219		2779	35.4	256	289.8
744	4.625		2783	35.3	256	290.2
745	4.250		2778	35.4	256	289.6
746	4.594		2785	35.3	256	290.4
747	4.375		2784	35.3	256	290.2
748	4.531		2780	35.4	256	289.7
749	4.531		2785	35.3	256	290.2
750	4.562		2778	35.4	256	289.4
751	4.531	4.523	2780	35.4	256	289.6
752	4.844		2779	35.4	256	289.5
753	4.344		2778	35.4	256	289.3
754	4.531		2786	35.3	256	290.1
755	4.438		2782	35.3	256	289.6
756	4.531		2785	35.3	256	289.8
757	4.375		2777	35.4	256	289.0
758	4.656		2780	35.4	256	289.2
759	4.625		2786	35.3	256	289.9
760	4.375		2781	35.3	256	289.3
761	4.719		2778	35.4	256	288.9
762	4.406		2783	35.3	256	289.4
763	4.438		2781	35.4	256	289.1
764	4.281		2780	35.4	256	289.0
765	4.125		2787	35.3	256	289.7
766	4.438		2780	35.4	256	288.9
767	4.562		2783	35.3	256	289.2
768	4.750		2780	35.4	256	288.8
769	4.562		2781	35.3	256	288.9
770	4.312		2783	35.3	256	289.0
771	4.438		2786	35.3	256	289.3
772	4.250		2778	35.4	256	288.4
773	4.125		2789	35.3	256	289.5
774	4.375		2779	35.4	256	288.4
775	4.500		2781	35.4	256	288.6
776	4.344		2785	35.3	256	288.9
777	4.125		2780	35.4	256	288.4
778	4.438		2788	35.3	256	289.2
779	4.312		2783	35.3	256	288.5
780	4.344		2779	35.4	256	288.1
781	4.344		2776	35.4	256	287.8
782	4.406		2784	35.3	256	288.5
783	4.562		2782	35.3	256	288.3
784	4.375		2783	35.3	256	288.4
785	4.406		2778	35.4	256	287.8
786	4.562		2778	35.4	256	287.8
787	4.312		2786	35.3	256	288.5
788	4.469		2778	35.4	256	287.7
789	4.438		2780	35.4	256	287.9
790	4.562		2783	35.3	256	288.1
791	4.594		2780	35.4	256	287.8
792	4.344		2785	35.3	256	288.2
793	4.656		2781	35.4	256	287.7
794	4.125		2779	35.4	256	287.5
795	4.562		2786	35.3	256	288.2
796	4.438		2779	35.4	256	287.4
797	4.406		2778	35.4	256	287.2
798	4.219		2787	35.3	256	288.1
799	4.562		2782	35.3	256	287.6
800	4.438		2782	35.3	256	287.5
801	4.312		2783	35.3	256	287.6
802	4.375		2779	35.4	256	287.1
803	4.688		2780	35.4	256	287.1
804	4.312		2781	35.3	256	287.3
805	4.500		2780	35.4	256	287.1
806	4.469		2785	35.3	256	287.6
807	4.250		2781	35.4	256	287.1
808	4.531		2782	35.3	256	287.1
809	4.125		2785	35.3	256	287.4
810	4.156		2777	35.4	256	286.5
811	4.438		2778	35.4	256	286.6
812	4.469		2785	35.3	256	287.3
813	4.531		2778	35.4	256	286.5
814	4.500		2784	35.3	256	287.1
815	4.281		2778	35.4	256	286.4
816	4.250		2781	35.4	256	286.7
817	4.250		2788	35.3	256	287.4
818	4.344		2783	35.3	256	286.8
819	4.344		2780	35.4	256	286.5
820	4.344		2784	35.3	256	286.8
821	4.156		2778	35.4	256	286.1
822	4.281		2779	35.4	256	286.1
823	4.094		2786	35.3	256	286.8
824	4.406		2780	35.4	256	286.2
825	4.500		2786	35.3	256	286.8
826	4.312		2779	35.4	256	286.0
827	4.188		2780	35.4	256	286.1
828	4.219		2787	35.3	256	286.7
829	4.406		2780	35.4	256	286.0
830	4.375		2780	35.4	256	286.0
831	4.031		2788	35.3	256	286.7
832	4.469		2778	35.4	256	285.6
833	4.375		2780	35.4	256	285.7
834	4.281		2787	35.3	256	286.4
835	4.219		2782	35.3	256	285.9
836	4.281		2780	35.4	256	285.6
837	4.219		2783	35.3	256	285.9
838	4.375		2778	35.4	256	285.4
839	4.938		2785	35.3	256	286.1
840	4.594		2782	35.3	256	285.6
841	4.312		2783	35.3	256	285.7
842	4.375		2785	35.3	256	285.9
843	5.844		2784	35.3	256	285.7
844	4.438		2779	35.4	256	285.1
845	4.469		2782	35.3	256	285.4
846	4.438		2781	35.3	256	285.3
847	4.406		2779	35.4	256	285.1
848	4.062		2787	35.3	256	285.8
849	4.469		2781	35.3	256	285.2
850	4.375		2784	35.3	256	285.4
851	4.344		2780	35.4	256	284.9
852	4.188		2777	35.4	256	284.6
853	4.125		2785	35.3	256	285.3
854	4.281		2777	35.4	256	284.6
855	4.312		2781	35.4	256	284.9
856	4.375		2784	35.3	256	285.1
857	4.250		2778	35.4	256	284.5
858	4.438		2781	35.4	256	284.7
859	4.406		2784	35.3	256	285.0
860	4.312		2778	35.4	256	284.3
861	4.219		2784	35.3	256	284.9
862	4.375		2780	35.4	256	284.4
863	4.438		2778	35.4	256	284.2
864	4.062		2785	35.3	256	284.8
865	4.906		2782	35.3	256	284.5
866	4.375		2779	35.4	256	284.2
867	4.281		2782	35.3	256	284.4
868	4.125		2779	35.4	256	284.1
869	4.406		2780	35.4	256	284.1
870	4.219		2787	35.3	256	284.8
871	4.312		2778	35.4	256	283.9
872	4.438		2785	35.3	256	284.4
873	4.219		2777	35.4	256	283.6
874	4.156		2781	35.4	256	284.0
875	3.938		2785	35.3	256	284.3
876	4.094		2779	35.4	256	283.7
877	4.312		2780	35.4	256	283.7
878	4.375		2783	35.3	256	284.0
879	4.281		2779	35.4	256	283.5
880	4.125		2780	35.4	256	283.6
881	4.469		2784	35.3	256	284.0
882	4.375		2778	35.4	256	283.3
883	4.438		2784	35.3	256	283.9
884	4.125		2782	35.3	256	283.6
885	4.344		2780	35.4	256	283.3
886	4.156		2793	35.2	256	284.6
887	4.281		2779	35.4	256	283.2
888	4.250		2780	35.4	256	283.3
889	4.375		2789	35.2	256	284.1
890	4.281		2782	35.3	256	283.4
891	4.344		2779	35.4	256	283.0
892	4.094		2784	35.3	256	283.4
893	4.219		2779	35.4	256	282.9
894	4.625		2785	35.3	256	283.5
895	4.219		2778	35.4	256	282.7
896	4.375		2779	35.4	256	282.8
897	4.406		2787	35.3	256	283.5
898	4.219		2782	35.3	256	283.0
899	4.156		2782	35.3	256	283.0
900	4.469		2786	35.3	256	283.2
901	4.219		2780	35.4	256	282.6
902	4.062		2777	35.4	256	282.3
903	4.312		2787	35.3	256	283.2
904	4.375		2781	35.3	256	282.6
905	4.312		2778	35.4	256	282.3
906	4.219		2784	35.3	256	282.8
907	4.219		2778	35.4	256	282.1
908	4.125		2782	35.3	256	282.5
909	4.250		2778	35.4	256	282.1
910	4.281		2780	35.4	256	282.2
911	4.094		2783	35.3	256	282.5
912	4.281		2780	35.4	256	282.1
913	4.250		2777	35.4	256	281.8
914	4.125		2785	35.3	256	282.5
915	4.188		2780	35.4	256	282.0
916	4.438		2779	35.4	256	281.8
917	4.281		2785	35.3	256	282.4
918	4.281		2777	35.4	256	281.5
919	4.344		2785	35.3	256	282.3
920	3.969		2780	35.4	256	281.8
921	4.281		2779	35.4	256	281.6
922	4.562		2786	35.3	256	282.3
923	4.281		2780	35.4	256	281.6
924	4.062		2777	35.4	256	281.3
925	4.375		2783	35.3	256	281.9
926	4.281		2779	35.4	256	281.4
927	4.219		2784	35.3	256	281.8
928	3.531		2779	35.4	256	281.3
929	4.031		2780	35.4	256	281.3
930	4.094		2786	35.3	256	281.8
931	4.094		2778	35.4	256	281.1
932	4.125		2780	35.4	256	281.2
933	4.250		2788	35.3	256	282.0
934	4.250		2779	35.4	256	281.0
935	4.375		2779	35.4	256	281.0
936	4.344		2785	35.3	256	281.5
937	4.062		2782	35.3	256	281.2
938	4.156		2781	35.4	256	281.0
939	4.094		2784	35.3	256	281.3
940	3.938		2779	35.4	256	280.7
941	4.344		2783	35.3	256	281.1
942	4.250		2780	35.4	256	280.8
943	4.188		2779	35.4	256	280.6
944	4.406		2788	35.3	256	281.4
945	3.969		2779	35.4	256	280.5
946	4.250		2778	35.4	256	280.3
947	4.125		2785	35.3	256	281.0
948	4.250		2784	35.3	256	280.9
949	4.188		2783	35.3	256	280.7
950	4.250		2784	35.3	256	280.7
951	4.219		2780	35.4	256	280.3
952	4.031		2780	35.4	256	280.2
953	4.188		2787	35.3	256	280.9
954	3.984		2779	35.4	256	280.1
955	4.062		2782	35.3	256	280.4
956	4.375		2781	35.3	256	280.2
957	4.094		2778	35.4	256	279.9
958	4.188		2785	35.3	256	280.5
959	3.891		2781	35.4	256	280.0
960	4.031		2778	35.4	256	279.7
961	4.000		2786	35.3	256	280.5
962	3.766		2780	35.4	256	279.8
963	4.062		2778	35.4	256	279.6
964	3.984		2782	35.3	256	279.9
965	4.281		2780	35.4	256	279.7
966	4.188		2788	35.3	256	280.4
967	4.250		2780	35.4	256	279.6
968	4.344		2780	35.4	256	279.5
969	3.875		2784	35.3	256	279.9
970	4.094		2780	35.4	256	279.4
971	3.859		2781	35.4	256	279.5
972	4.125		2786	35.3	256	279.9
973	4.344		2783	35.3	256	279.6
974	4.188		2780	35.4	256	279.2
975	4.000		2781	35.3	256	279.3
976	4.312		2779	35.4	256	279.0
977	4.125		2785	35.3	256	279.6
978	3.875		2779	35.4	256	279.0
979	4.062		2778	35.4	256	278.9
980	4.281		2783	35.3	256	279.3
981	4.062		2777	35.4	256	278.6
982	4.562		2780	35.4	256	278.9
983	4.094		2786	35.3	256	279.5
984	4.531		2782	35.3	256	279.0
985	3.891		2780	35.4	256	278.7
986	4.031		2784	35.3	256	279.1
987	4.312		2784	35.3	256	279.1
988	4.281		2785	35.3	256	279.1
989	4.188		2791	35.2	256	279.6
990	4.625		2782	35.3	256	278.7
991	4.219		2785	35.3	256	279.0
992	3.641		2779	35.4	256	278.3
993	4.250		2776	35.4	256	277.9
994	4.188		2795	35.2	256	279.8
995	4.281		2778	35.4	256	278.1
996	4.188		2784	35.3	256	278.6
997	4.094		2781	35.3	256	278.3
998	4.312		2777	35.4	256	277.9
999	4.469		2785	35.3	256	278.6
1000	3.984		2779	35.4	256	278.0
1001	4.375	4.469	2779	35.4	256	277.9
1002	4.344		2779	35.4	256	277.9
1003	4.031		2786	35.3	256	278.5
1004	4.219		2781	35.3	256	278.0
1005	4.250		2778	35.4	256	277.6
1006	4.156		2784	35.3	256	278.2
1007	4.562		2779	35.4	256	277.6
1008	4.188		2778	35.4	256	277.4
1009	4.031		2785	35.3	256	278.1
1010	4.375		2781	35.3	256	277.7
1011	4.219		2780	35.4	256	277.5
1012	4.281		2784	35.3	256	277.9
1013	4.469		2778	35.4	256	277.2
1014	4.250		2783	35.3	256	277.7
1015	4.344		2784	35.3	256	277.7
1016	4.281		2779	35.4	256	277.3
1017	4.344		2783	35.3	256	277.5
1018	4.344		2796	35.2	256	278.8
1019	3.969		2778	35.4	256	277.0
1020	4.000		2782	35.3	256	277.3
1021	4.219		2781	35.3	256	277.2
1022	4.125		2781	35.4	256	277.1
1023	4.188		2783	35.3	256	277.3
1024	4.219		2778	35.4	256	276.8
1025	4.312		2784	35.3	256	277.3
1026	4.062		2779	35.4	256	276.8
1027	4.188		2781	35.3	256	276.9
1028	4.344		2786	35.3	256	277.3
1029	4.281		2782	35.3	256	276.9
1030	4.125		2779	35.4	256	276.6
1031	4.125		2785	35.3	256	277.1
1032	4.312		2784	35.3	256	277.0
1033	4.000		2787	35.3	256	277.2
1034	4.344		2784	35.3	256	276.9
1035	4.344		2784	35.3	256	276.9
1036	3.766		2786	35.3	256	277.0
1037	4.344		2789	35.2	256	277.3
1038	4.062		2776	35.4	256	275.9
1039	4.156		2784	35.3	256	276.6
1040	4.406		2779	35.4	256	276.1
1041	4.406		2782	35.3	256	276.3
1042	4.375		2785	35.3	256	276.6
1043	4.312		2781	35.3	256	276.1
1044	4.125		2784	35.3	256	276.4
1045	4.094		2780	35.4	256	275.9
1046	4.438		2779	35.4	256	275.8
1047	4.156		2784	35.3	256	276.2
1048	4.406		2781	35.4	256	275.9
1049	4.062		2777	35.4	256	275.5
1050	4.281		2782	35.3	256	275.9
1051	4.344		2782	35.3	256	275.9
1052	4.500		2779	35.4	256	275.6
1053	4.219		2784	35.3	256	276.0
1054	4.250		2778	35.4	256	275.3
1055	4.406		2786	35.3	256	276.1
1056	4.406		2778	35.4	256	275.2
1057	4.156		2779	35.4	256	275.3
1058	4.281		2784	35.3	256	275.8
1059	4.250		2778	35.4	256	275.1
1060	4.594		2780	35.4	256	275.2
1061	4.094		2784	35.3	256	275.6
1062	3.875		2779	35.4	256	275.1
1063	4.375		2780	35.4	256	275.1
1064	4.344		2786	35.3	256	275.7
1065	4.344		2782	35.3	256	275.3
1066	4.062		2785	35.3	256	275.5
1067	4.219		2778	35.4	256	274.8
1068	4.062		2780	35.4	256	274.9
1069	4.750		2784	35.3	256	275.3
1070	4.219		2778	35.4	256	274.6
1071	4.281		2780	35.4	256	274.8
1072	4.344		2782	35.3	256	274.9
1073	4.188		2779	35.4	256	274.5
1074	4.375		2784	35.3	256	275.0
1075	4.156		2786	35.3	256	275.1
1076	4.219		2779	35.4	256	274.4
1077	4.031		2784	35.3	256	274.9
1078	4.344		2777	35.4	256	274.1
1079	4.094		2779	35.4	256	274.3
1080	4.219		2785	35.3	256	274.8
1081	4.531		2778	35.4	256	274.1
1082	4.281		2781	35.4	256	274.3
1083	4.219		2783	35.3	256	274.5
1084	4.125		2779	35.4	256	274.0
1085	4.250		2778	35.4	256	273.9
1086	4.031		2786	35.3	256	274.7
1087	3.969		2778	35.4	256	273.8
1088	4.250		2782	35.3	256	274.1
1089	4.312		2784	35.3	256	274.3
1090	4.375		2779	35.4	256	273.8
1091	4.250		2786	35.3	256	274.4
1092	3.938		2781	35.4	256	273.8
1093	4.281		2777	35.4	256	273.5
1094	4.062		2782	35.3	256	273.9
1095	4.125		2780	35.4	256	273.6
1096	3.953		2779	35.4	256	273.5
1097	3.750		2787	35.3	256	274.2
1098	4.094		2780	35.4	256	273.5
1099	4.188		2786	35.3	256	274.1
1100	4.062		2779	35.4	256	273.3
1101	4.250		2787	35.3	256	274.1
1102	4.031		2782	35.3	256	273.5
1103	3.734		2782	35.3	256	273.5
1104	4.188		2780	35.4	256	273.2
1105	4.562		2787	35.3	256	273.8
1106	4.344		2780	35.4	256	273.2
1107	4.562		2783	35.3	256	273.3
1108	4.062		2784	35.3	256	273.4
1109	4.125		2781	35.3	256	273.1
1110	4.469		2788	35.3	256	273.7
1111	4.219		2777	35.4	256	272.6
1112	3.781		2780	35.4	256	272.9
1113	4.062		2784	35.3	256	273.2
1114	4.000		2779	35.4	256	272.6
1115	4.219		2780	35.4	256	272.7
1116	4.062		2785	35.3	256	273.2
1117	4.125		2779	35.4	256	272.6
1118	4.188		2782	35.3	256	272.8
1119	4.250		2781	35.4	256	272.6
1120	4.562		2784	35.3	256	272.9
1121	4.219		2788	35.3	256	273.2
1122	4.281		2779	35.4	256	272.3
1123	4.125		2778	35.4	256	272.1
1124	4.562		2785	35.3	256	272.8
1125	4.000		2781	35.4	256	272.3
1126	4.438		2780	35.4	256	272.2
1127	4.000		2786	35.3	256	272.7
1128	4.406		2779	35.4	256	272.1
1129	4.188		2784	35.3	256	272.4
1130	4.125		2778	35.4	256	271.8
1131	4.000		2778	35.4	256	271.7
1132	4.188		2786	35.3	256	272.5
1133	4.281		2782	35.3	256	272.1
1134	4.156		2781	35.3	256	272.0
1135	4.031		2783	35.3	256	272.0
1136	4.781		2784	35.3	256	272.2
1137	4.219		2783	35.3	256	272.0
1138	4.250		2780	35.4	256	271.7
1139	4.312		2780	35.4	256	271.6
1140	3.984		2785	35.3	256	272.0
1141	4.094		2778	35.4	256	271.4
1142	3.953		2780	35.4	256	271.5
1143	4.188		2783	35.3	256	271.8
1144	3.938		2780	35.4	256	271.4
1145	4.312		2780	35.4	256	271.4
1146	4.062		2785	35.3	256	271.8
1147	4.094		2779	35.4	256	271.1
1148	4.156		2784	35.3	256	271.6
1149	4.344		2778	35.4	256	271.0
1150	4.219		2779	35.4	256	271.0
1151	4.219		2785	35.3	256	271.6
1152	4.219		2778	35.4	256	270.8
1153	4.281		2780	35.4	256	271.0
1154	4.188		2786	35.3	256	271.5
1155	4.031		2780	35.4	256	270.9
1156	4.062		2787	35.3	256	271.5
1157	4.125		2779	35.4	256	270.7
1158	4.250		2779	35.4	256	270.7
1159	4.250		2783	35.3	256	271.0
1160	4.156		2779	35.4	256	270.5
1161	4.219		2783	35.3	256	270.9
1162	4.094		2785	35.3	256	271.1
1163	4.031		2777	35.4	256	270.2
1164	4.281		2785	35.3	256	271.0
1165	4.312		2782	35.3	256	270.6
1166	4.031		2782	35.3	256	270.5
1167	3.922		2786	35.3	256	270.9
1168	4.438		2879	34.1	512	279.9
1169	4.312		2871	34.2	512	279.1
1170	4.156		2880	34.1	512	279.9
1171	4.281		2882	34.1	512	280.0
1172	4.375		2876	34.2	512	279.4
1173	4.094		2878	34.2	512	279.5
1174	4.094		2890	34.0	512	280.7
1175	4.000		2867	34.3	512	278.3
1176	3.969		2868	34.3	512	278.5
1177	3.828		2883	34.1	512	279.8
1178	4.281		2874	34.2	512	278.9
1179	4.062		2874	34.2	512	278.8
1180	3.906		2871	34.2	512	278.6
1181	3.891		2878	34.2	512	279.2
1182	4.156		2881	34.1	512	279.4
1183	4.094		2872	34.2	512	278.5
1184	4.219		2885	34.1	512	279.7
1185	4.000		2877	34.2	512	278.9
1186	4.031		2864	34.3	512	277.6
1187	3.938		2878	34.2	512	278.9
1188	3.922		2881	34.1	512	279.1
1189	3.844		2890	34.0	512	279.9
1190	3.938		2885	34.1	512	279.5
1191	4.031		2882	34.1	512	279.1
1192	4.438		2905	33.8	512	281.2
1193	3.906		2882	34.1	512	279.0
1194	4.031		2882	34.1	512	278.9
1195	3.969		2874	34.2	512	278.1
1196	3.641		2889	34.0	512	279.5
1197	4.312		2873	34.2	512	277.9
1198	3.922		2883	34.1	512	278.8
1199	3.969		2881	34.1	512	278.6
1200	4.250		2876	34.2	512	278.1
1201	3.875		2889	34.0	512	279.3
1202	3.984		2886	34.1	512	278.9
1203	4.000		2877	34.2	512	278.0
1204	4.031		2892	34.0	512	279.4
1205	4.125		2878	34.2	512	278.0
1206	4.094		2875	34.2	512	277.7
1207	4.281		2885	34.1	512	278.6
1208	3.953		2893	34.0	512	279.4
1209	4.031		2884	34.1	512	278.4
1210	3.781		2884	34.1	512	278.4
1211	4.125		2887	34.1	512	278.6
1212	4.125		2879	34.1	512	277.8
1213	4.156		2896	33.9	512	279.3
1214	3.891		2867	34.3	512	276.5
1215	4.062		2870	34.3	512	276.8
1216	4.188		2886	34.1	512	278.3
1217	3.969		2886	34.1	512	278.2
1218	3.734		2891	34.0	512	278.6
1219	4.031		2893	34.0	512	278.8
1220	3.812		2868	34.3	512	276.3
1221	3.906		2879	34.1	512	277.3
1222	3.891		2877	34.2	512	277.1
1223	3.859		2886	34.1	512	277.9
1224	3.906		2882	34.1	512	277.5
1225	3.922		2881	34.1	512	277.4
1226	3.734		2883	34.1	512	277.5
1227	4.500		2886	34.1	512	277.7
1228	4.188		2886	34.1	512	277.7
1229	3.766		2881	34.1	512	277.2
1230	4.094		2892	34.0	512	278.2
1231	3.984		2879	34.1	512	276.8
1232	4.062		2877	34.2	512	276.6
1233	4.094		2875	34.2	512	276.4
1234	4.156		2878	34.2	512	276.6
1235	4.250		2868	34.3	512	275.6
1236	4.656		2886	34.1	512	277.3
1237	4.031		2891	34.0	512	277.7
1238	4.188		2878	34.2	512	276.5
1239	4.156		2875	34.2	512	276.1
1240	4.125		2887	34.1	512	277.2
1241	4.031		2873	34.2	512	275.8
1242	4.562		2887	34.1	512	277.1
1243	4.688		2894	34.0	512	277.7
1244	4.094		2884	34.1	512	276.8
1245	4.281		2886	34.1	512	276.9
1246	4.344		2872	34.2	512	275.4
1247	4.031		2871	34.2	512	275.3
1248	4.094		2885	34.1	512	276.6
1249	4.219		2891	34.0	512	277.1
1250	4.406		2891	34.0	512	277.1
1251	3.875	4.191	2882	34.1	512	276.2
1252	4.250		2883	34.1	512	276.3
1253	4.031		2880	34.1	512	275.9
1254	4.219		2873	34.2	512	275.2
1255	4.031		2876	34.2	512	275.5
1256	4.469		2884	34.1	512	276.1
1257	4.219		2892	34.0	512	276.8
1258	4.250		2869	34.3	512	274.6
1259	4.375		2873	34.2	512	275.0
1260	4.438		2883	34.1	512	275.8
1261	4.438		2895	34.0	512	276.9
1262	4.188		2876	34.2	512	275.1
1263	4.125		2874	34.2	512	274.8
1264	4.156		2880	34.1	512	275.4
1265	4.250		2875	34.2	512	274.9
1266	4.250		2882	34.1	512	275.4
1267	4.156		2868	34.3	512	274.1
1268	4.062		2877	34.2	512	274.9
1269	4.156		2882	34.1	512	275.3
1270	3.891		2878	34.2	512	274.9
1271	4.219		2873	34.2	512	274.3
1272	4.156		2878	34.2	512	274.8
1273	3.922		2882	34.1	512	275.2
1274	4.156		2872	34.2	512	274.1
1275	4.062		2875	34.2	512	274.4
1276	4.938		2887	34.1	512	275.5
1277	4.094		2867	34.3	512	273.5
1278	4.406		2890	34.0	512	275.6
1279	4.094		2876	34.2	512	274.3
1280	3.984		2888	34.0	512	275.4
1281	4.000		2887	34.0	512	275.2
1282	4.000		2870	34.2	512	273.6
1283	4.250		2881	34.1	512	274.5
1284	3.969		2891	34.0	512	275.5
1285	4.156		2895	34.0	512	275.8
1286	4.094		2883	34.1	512	274.6
1287	4.188		2871	34.2	512	273.4
1288	4.281		2878	34.2	512	274.0
1289	4.094		2890	34.0	512	275.1
1290	3.609		2909	33.8	512	276.9
1291	4.469		2884	34.1	512	274.4
1292	4.812		2902	33.9	512	276.1
1293	4.031		2892	34.0	512	275.1
1294	4.219		2870	34.3	512	273.0
1295	4.344		2895	34.0	512	275.3
1296	4.281		2873	34.2	512	273.2
1297	4.031		2887	34.1	512	274.5
1298	4.312		2880	34.1	512	273.7
1299	4.062		2869	34.3	512	272.6
1300	4.281		2888	34.0	512	274.4
1301	4.094		2879	34.2	512	273.5
1302	4.125		2883	34.1	512	273.8
1303	4.000		2869	34.3	512	272.5
1304	4.625		2879	34.1	512	273.4
1305	4.250		2873	34.2	512	272.7
1306	4.156		2873	34.2	512	272.7
1307	4.281		2877	34.2	512	273.0
1308	4.031		2879	34.1	512	273.2
1309	3.891		2889	34.0	512	274.0
1310	4.156		2876	34.2	512	272.8
1311	4.312		2886	34.1	512	273.7
1312	4.062		2890	34.0	512	274.0
1313	3.875		2876	34.2	512	272.7
1314	4.125		2899	33.9	512	274.8
1315	4.250		2875	34.2	512	272.5
1316	4.250		2884	34.1	512	273.2
1317	4.000		2873	34.2	512	272.2
1318	4.281		2875	34.2	512	272.3
1319	4.219		2881	34.1	512	272.8
1320	3.984		2876	34.2	512	272.4
1321	3.984		2888	34.0	512	273.4
1322	4.188		2869	34.3	512	271.5
1323	3.875		2860	34.4	512	270.7
1324	4.031		2879	34.1	512	272.4
1325	4.250		2865	34.3	512	271.1
1326	4.344		2888	34.0	512	273.2
1327	4.188		2871	34.2	512	271.5
1328	4.156		2868	34.3	512	271.2
1329	3.609		2895	34.0	512	273.7
1330	4.156		2868	34.3	512	271.0
1331	4.281		2861	34.4	512	270.4
1332	4.094		2872	34.2	512	271.3
1333	3.844		2862	34.3	512	270.4
1334	4.156		2878	34.2	512	271.8
1335	4.219		2878	34.2	512	271.8
1336	4.188		2868	34.3	512	270.8
1337	4.469		2892	34.0	512	273.0
1338	4.156		2878	34.2	512	271.7
1339	3.969		2873	34.2	512	271.1
1340	4.188		2879	34.2	512	271.6
1341	4.094		2890	34.0	512	272.6
1342	4.156		2888	34.0	512	272.4
1343	4.094		2871	34.2	512	270.7
1344	4.188		2878	34.2	512	271.4
1345	4.062		2874	34.2	512	270.9
1346	4.250		2888	34.0	512	272.2
1347	3.953		2867	34.3	512	270.1
1348	3.922		2879	34.1	512	271.2
1349	4.094		2871	34.2	512	270.5
1350	3.953		2888	34.0	512	272.0
1351	4.250		2872	34.2	512	270.4
1352	3.969		2862	34.4	512	269.4
1353	4.188		2877	34.2	512	270.8
1354	4.156		2870	34.3	512	270.1
1355	4.125		2877	34.2	512	270.7
1356	4.219		2878	34.2	512	270.8
1357	3.984		2862	34.3	512	269.2
1358	4.500		2889	34.0	512	271.7
1359	3.938		2868	34.3	512	269.7
1360	4.000		2879	34.1	512	270.7
1361	3.906		2863	34.3	512	269.1
1362	4.281		2860	34.4	512	268.8
1363	3.938		2881	34.1	512	270.7
1364	4.125		2864	34.3	512	269.1
1365	4.031		2869	34.3	512	269.5
1366	4.156		2859	34.4	512	268.5
1367	4.062		2873	34.2	512	269.8
1368	4.281		2893	34.0	512	271.6
1369	4.031		2872	34.2	512	269.5
1370	3.922		2896	33.9	512	271.8
1371	4.062		2864	34.3	512	268.8
1372	4.094		2875	34.2	512	269.7
1373	4.281		2891	34.0	512	271.2
1374	3.953		2883	34.1	512	270.4
1375	3.891		2877	34.2	512	269.8
1376	4.125		2871	34.2	512	269.2
1377	3.859		2877	34.2	512	269.6
1378	4.125		2882	34.1	512	270.1
1379	4.094		2880	34.1	512	269.9
1380	3.984		2879	34.1	512	269.7
1381	3.984		2865	34.3	512	268.3
1382	3.984		2872	34.2	512	269.0
1383	3.984		2881	34.1	512	269.8
1384	4.062		2874	34.2	512	269.1
1385	4.062		2881	34.1	512	269.6
1386	3.953		2871	34.2	512	268.7
1387	4.156		2876	34.2	512	269.1
1388	4.156		2893	34.0	512	270.6
1389	4.250		2886	34.1	512	270.0
1390	4.000		2864	34.3	512	267.8
1391	3.984		2867	34.3	512	268.1
1392	4.219		2876	34.2	512	268.9
1393	3.953		2892	34.0	512	270.3
1394	3.891		2875	34.2	512	268.7
1395	4.062		2868	34.3	512	267.9
1396	4.312		2886	34.1	512	269.6
1397	4.094		2883	34.1	512	269.2
1398	4.062		2870	34.3	512	268.0
1399	4.031		2878	34.2	512	268.7
1400	3.875		2878	34.2	512	268.7
1401	4.281		2880	34.1	512	268.8
1402	3.938		2869	34.3	512	267.7
1403	4.094		2885	34.1	512	269.2
1404	4.031		2883	34.1	512	269.0
1405	4.188		2866	34.3	512	267.3
1406	3.953		2886	34.1	512	269.1
1407	3.969		2876	34.2	512	268.1
1408	4.188		2878	34.2	512	268.2
1409	4.031		2876	34.2	512	268.0
1410	4.125		2875	34.2	512	267.9
1411	4.062		2895	34.0	512	269.7
1412	3.969		2868	34.3	512	267.1
1413	3.844		2881	34.1	512	268.3
1414	4.062		2889	34.0	512	269.0
1415	4.062		2876	34.2	512	267.8
1416	4.062		2888	34.0	512	268.8
1417	3.906		2870	34.3	512	267.1
1418	3.984		2875	34.2	512	267.5
1419	4.000		2872	34.2	512	267.2
1420	3.953		2872	34.2	512	267.2
1421	4.281		2876	34.2	512	267.5
1422	4.094		2880	34.1	512	267.8
1423	3.938		2873	34.2	512	267.1
1424	4.000		2884	34.1	512	268.1
1425	4.000		2880	34.1	512	267.6
1426	4.250		2883	34.1	512	267.9
1427	3.891		2879	34.1	512	267.5
1428	3.938		2882	34.1	512	267.7
1429	3.797		2878	34.2	512	267.3
1430	4.312		2883	34.1	512	267.7
1431	3.953		2879	34.1	512	267.3
1432	3.922		2870	34.2	512	266.4
1433	3.844		2894	34.0	512	268.6
1434	3.688		2888	34.0	512	268.0
1435	3.938		2878	34.2	512	267.0
1436	4.125		2880	34.1	512	267.2
1437	4.156		2870	34.3	512	266.1
1438	3.828		2895	34.0	512	268.4
1439	3.938		2866	34.3	512	265.6
1440	3.953		2887	34.1	512	267.6
1441	3.859		2868	34.3	512	265.8
1442	3.859		2877	34.2	512	266.6
1443	4.469		2905	33.8	512	269.1
1444	3.672		2875	34.2	512	266.2
1445	4.062		2876	34.2	512	266.3
1446	3.953		2884	34.1	512	267.0
1447	3.844		2908	33.8	512	269.2
1448	4.125		2895	34.0	512	267.9
1449	3.812		2875	34.2	512	266.1
1450	4.094		2890	34.0	512	267.4
1451	3.969		2873	34.2	512	265.7
1452	4.000		2879	34.1	512	266.3
1453	3.906		2877	34.2	512	266.0
1454	4.188		2871	34.2	512	265.4
1455	3.906		2885	34.1	512	266.6
1456	3.859		2876	34.2	512	265.8
1457	4.406		2899	33.9	512	267.9
1458	3.922		2886	34.1	512	266.6
1459	3.828		2872	34.2	512	265.3
1460	4.281		2893	34.0	512	267.1
1461	4.031		2875	34.2	512	265.4
1462	4.375		2884	34.1	512	266.2
1463	3.797		2892	34.0	512	266.9
1464	3.984		2882	34.1	512	265.9
1465	4.000		2882	34.1	512	265.9
1466	4.000		2881	34.1	512	265.8
1467	3.828		2877	34.2	512	265.4
1468	3.938		2890	34.0	512	266.5
1469	4.406		2885	34.1	512	266.0
1470	4.000		2872	34.2	512	264.7
1471	3.641		2875	34.2	512	265.0
1472	4.031		2871	34.2	512	264.5
1473	3.766		2879	34.1	512	265.3
1474	4.094		2885	34.1	512	265.8
1475	4.000		2885	34.1	512	265.7
1476	3.969		2885	34.1	512	265.7
1477	4.125		2887	34.0	512	265.8
1478	3.812		2865	34.3	512	263.7
1479	3.812		2879	34.1	512	265.0
1480	4.125		2878	34.2	512	264.8
1481	3.969		2873	34.2	512	264.3
1482	3.828		2881	34.1	512	265.0
1483	4.156		2875	34.2	512	264.4
1484	4.031		2888	34.0	512	265.6
1485	4.031		2879	34.1	512	264.7
1486	4.938		2886	34.1	512	265.3
1487	4.062		2895	34.0	512	266.0
1488	4.250		2876	34.2	512	264.2
1489	4.031		2876	34.2	512	264.2
1490	4.375		2876	34.2	512	264.2
1491	4.250		2894	34.0	512	265.8
1492	4.500		2892	34.0	512	265.5
1493	4.406		2883	34.1	512	264.7
1494	4.125		2884	34.1	512	264.7
1495	4.250		2873	34.2	512	263.6
1496	4.000		2896	33.9	512	265.7
1497	4.219		2867	34.3	512	263.0
1498	4.188		2892	34.0	512	265.3
1499	4.219		2891	34.0	512	265.1
1500	4.125		2888	34.0	512	264.8
1501	4.094	4.154	2880	34.1	512	264.0
1502	4.031		2883	34.1	512	264.2
1503	4.094		2875	34.2	512	263.4
1504	4.000		2874	34.2	512	263.3
1505	4.125		2875	34.2	512	263.3
1506	4.281		2864	34.3	512	262.3
1507	4.156		2881	34.1	512	263.8
1508	4.156		2870	34.3	512	262.7
1509	3.766		2885	34.1	512	264.1
1510	4.469		2875	34.2	512	263.1
1511	4.000		2865	34.3	512	262.1
1512	3.953		2884	34.1	512	263.8
1513	3.984		2868	34.3	512	262.3
1514	3.984		2882	34.1	512	263.6
1515	4.156		2883	34.1	512	263.6
1516	4.031		2884	34.1	512	263.6
1517	4.438		2892	34.0	512	264.4
1518	4.250		2874	34.2	512	262.7
1519	3.984		2870	34.3	512	262.2
1520	4.031		2887	34.1	512	263.7
1521	4.188		2887	34.0	512	263.7
1522	3.906		2868	34.3	512	261.9
1523	4.094		2882	34.1	512	263.2
1524	4.062		2891	34.0	512	263.9
1525	3.828		2916	33.7	512	266.1
1526	4.156		2881	34.1	512	262.9
1527	3.812		2881	34.1	512	262.8
1528	4.125		2871	34.2	512	261.8
1529	3.969		2869	34.3	512	261.6
1530	4.156		2879	34.1	512	262.5
1531	4.406		2894	34.0	512	263.8
1532	4.156		2874	34.2	512	262.0
1533	4.125		2885	34.1	512	262.9
1534	4.156		2875	34.2	512	262.0
1535	4.062		2866	34.3	512	261.1
1536	4.188		2891	34.0	512	263.3
1537	4.094		2882	34.1	512	262.5
1538	3.984		2893	34.0	512	263.4
1539	4.406		2876	34.2	512	261.9
1540	4.031		2872	34.2	512	261.4
1541	4.250		2880	34.1	512	262.1
1542	4.156		2876	34.2	512	261.7
1543	4.156		2882	34.1	512	262.1
1544	4.250		2875	34.2	512	261.5
1545	4.125		2863	34.3	512	260.3
1546	4.125		2892	34.0	512	263.0
1547	4.062		2868	34.3	512	260.7
1548	4.375		2880	34.1	512	261.8
1549	3.906		2879	34.1	512	261.6
1550	3.938		2873	34.2	512	261.0
1551	4.250		2884	34.1	512	262.0
1552	4.125		2873	34.2	512	260.9
1553	3.969		2885	34.1	512	261.9
1554	4.094		2879	34.1	512	261.4
1555	4.094		2874	34.2	512	260.8
1556	4.062		2882	34.1	512	261.5
1557	4.031		2860	34.4	512	259.5
1558	4.125		2877	34.2	512	261.0
1559	4.031		2858	34.4	512	259.2
1560	4.188		2882	34.1	512	261.4
1561	4.219		2866	34.3	512	259.9
1562	4.219		2885	34.1	512	261.5
1563	3.672		2888	34.0	512	261.7
1564	4.000		2873	34.2	512	260.3
1565	4.031		2872	34.2	512	260.2
1566	4.281		2870	34.3	512	260.0
1567	4.156		2882	34.1	512	261.0
1568	4.000		2874	34.2	512	260.3
1569	3.984		2879	34.1	512	260.7
1570	3.844		2887	34.0	512	261.4
1571	4.219		2884	34.1	512	261.0
1572	3.922		2878	34.2	512	260.4
1573	3.938		2878	34.2	512	260.4
1574	4.406		2880	34.1	512	260.5
1575	3.844		2886	34.1	512	261.0
1576	3.891		2889	34.0	512	261.2
1577	4.125		2890	34.0	512	261.3
1578	4.188		2888	34.0	512	261.0
1579	4.094		2889	34.0	512	261.1
1580	4.062		2874	34.2	512	259.6
1581	4.219		2873	34.2	512	259.5
1582	4.031		2886	34.1	512	260.6
1583	4.125		2866	34.3	512	258.8
1584	4.125		2859	34.4	512	258.2
1585	3.938		2858	34.4	512	258.0
1586	4.062		2878	34.2	512	259.7
1587	4.094		2878	34.2	512	259.7
1588	4.281		2880	34.1	512	259.8
1589	4.250		2885	34.1	512	260.2
1590	4.125		2867	34.3	512	258.5
1591	3.953		2868	34.3	512	258.6
1592	4.031		2889	34.0	512	260.4
1593	4.281		2892	34.0	512	260.6
1594	4.188		2877	34.2	512	259.2
1595	4.156		2868	34.3	512	258.4
1596	3.953		2882	34.1	512	259.7
1597	3.906		2880	34.1	512	259.4
1598	4.000		2874	34.2	512	258.8
1599	4.125		2888	34.0	512	260.0
1600	4.250		2882	34.1	512	259.5
1601	3.984		2857	34.4	512	257.1
1602	4.000		2881	34.1	512	259.3
1603	4.031		2879	34.1	512	259.0
1604	4.188		2888	34.0	512	259.8
1605	4.688		2904	33.9	512	261.2
1606	3.875		2893	34.0	512	260.2
1607	3.938		2898	33.9	512	260.6
1608	4.031		2886	34.1	512	259.4
1609	4.000		2885	34.1	512	259.3
1610	3.844		2875	34.2	512	258.3
1611	4.062		2875	34.2	512	258.3
1612	3.906		2862	34.4	512	257.0
1613	4.156		2899	33.9	512	260.4
1614	4.031		2876	34.2	512	258.2
1615	4.219		2893	34.0	512	259.7
1616	4.031		2876	34.2	512	258.2
1617	4.219		2876	34.2	512	258.1
1618	3.688		2867	34.3	512	257.2
1619	4.250		2870	34.2	512	257.5
1620	4.094		2878	34.2	512	258.1
1621	4.406		2884	34.1	512	258.6
1622	4.188		2864	34.3	512	256.7
1623	4.000		2871	34.2	512	257.3
1624	4.125		2898	33.9	512	259.7
1625	4.094		2874	34.2	512	257.5
1626	3.875		2871	34.2	512	257.2
1627	4.031		2872	34.2	512	257.2
1628	4.125		2879	34.1	512	257.8
1629	4.000		2891	34.0	512	258.8
1630	3.719		2870	34.3	512	256.9
1631	3.969		2874	34.2	512	257.2
1632	3.969		2880	34.1	512	257.7
1633	4.062		2885	34.1	512	258.1
1634	4.094		2888	34.0	512	258.3
1635	4.188		2877	34.2	512	257.3
1636	3.844		2876	34.2	512	257.2
1637	4.062		2877	34.2	512	257.2
1638	4.000		2876	34.2	512	257.1
1639	3.938		2864	34.3	512	256.0
1640	3.734		2884	34.1	512	257.7
1641	4.062		2877	34.2	512	257.0
1642	3.797		2875	34.2	512	256.7
1643	3.875		2877	34.2	512	256.9
1644	3.797		2874	34.2	512	256.6
1645	3.594		2881	34.1	512	257.2
1646	4.219		2891	34.0	512	258.0
1647	3.984		2894	34.0	512	258.2
1648	3.906		2891	34.0	512	257.9
1649	4.000		2879	34.2	512	256.8
1650	4.500		2898	33.9	512	258.5
1651	3.797		2872	34.2	512	256.1
1652	4.062		2871	34.2	512	256.0
1653	3.672		2882	34.1	512	256.9
1654	4.188		2882	34.1	512	256.8
1655	4.062		2884	34.1	512	256.9
1656	3.891		2865	34.3	512	255.2
1657	4.062		2876	34.2	512	256.2
1658	4.062		2882	34.1	512	256.7
1659	3.969		2867	34.3	512	255.2
1660	3.969		2874	34.2	512	255.9
1661	4.219		2879	34.1	512	256.2
1662	3.891		2878	34.2	512	256.1
1663	3.609		2872	34.2	512	255.5
1664	4.062		2868	34.3	512	255.1
1665	4.125		2874	34.2	512	255.6
1666	4.031		2867	34.3	512	254.9
1667	3.812		2883	34.1	512	256.3
1668	4.031		2874	34.2	512	255.5
1669	3.859		2874	34.2	512	255.4
1670	3.672		2884	34.1	512	256.2
1671	3.516		2895	34.0	512	257.1
1672	3.906		2885	34.1	512	256.2
1673	3.859		2872	34.2	512	255.0
1674	3.922		2877	34.2	512	255.4
1675	3.812		2873	34.2	512	255.0
1676	3.891		2889	34.0	512	256.4
1677	3.594		2883	34.1	512	255.8
1678	3.797		2865	34.3	512	254.2
1679	4.094		2881	34.1	512	255.5
1680	4.094		2879	34.1	512	255.3
1681	4.000		2876	34.2	512	255.0
1682	3.781		2885	34.1	512	255.8
1683	4.062		2875	34.2	512	254.8
1684	3.922		2889	34.0	512	256.0
1685	3.859		2874	34.2	512	254.6
1686	3.625		2876	34.2	512	254.8
1687	4.000		2878	34.2	512	254.9
1688	3.922		2870	34.2	512	254.2
1689	3.922		2872	34.2	512	254.3
1690	4.094		2879	34.2	512	254.8
1691	4.062		2888	34.0	512	255.6
1692	3.844		2880	34.1	512	254.8
1693	3.672		2873	34.2	512	254.2
1694	3.922		2875	34.2	512	254.3
1695	3.797		2875	34.2	512	254.2
1696	3.953		2887	34.0	512	255.3
1697	3.625		2878	34.2	512	254.5
1698	3.922		2890	34.0	512	255.4
1699	3.688		2892	34.0	512	255.6
1700	3.719		2878	34.2	512	254.3
1701	4.219		2884	34.1	512	254.7
1702	3.891		2877	34.2	512	254.1
1703	3.719		2874	34.2	512	253.7
1704	3.859		2889	34.0	512	255.1
1705	4.094		2880	34.1	512	254.2
1706	3.781		2889	34.0	512	254.9
1707	3.906		2870	34.3	512	253.2
1708	3.781		2879	34.1	512	254.0
1709	3.656		2869	34.3	512	253.1
1710	3.641		2872	34.2	512	253.3
1711	3.797		2880	34.1	512	253.9
1712	3.844		2878	34.2	512	253.7
1713	3.641		2892	34.0	512	254.9
1714	3.516		2882	34.1	512	253.9
1715	3.781		2874	34.2	512	253.2
1716	4.594		2884	34.1	512	254.0
1717	3.812		2885	34.1	512	254.0
1718	3.906		2880	34.1	512	253.6
1719	3.750		2882	34.1	512	253.7
1720	3.938		2881	34.1	512	253.6
1721	4.125		2892	34.0	512	254.5
1722	3.734		2871	34.2	512	252.6
1723	3.812		2892	34.0	512	254.4
1724	3.812		2871	34.2	512	252.5
1725	3.875		2878	34.2	512	253.1
1726	4.125		2876	34.2	512	252.9
1727	4.031		2873	34.2	512	252.5
1728	3.703		2895	34.0	512	254.4
1729	4.188		2879	34.2	512	252.9
1730	4.156		2868	34.3	512	252.0
1731	4.188		2861	34.4	512	251.3
1732	4.125		2872	34.2	512	252.2
1733	4.094		2884	34.1	512	253.2
1734	3.844		2888	34.0	512	253.5
1735	4.031		2895	34.0	512	254.1
1736	4.000		2883	34.1	512	253.0
1737	4.406		2877	34.2	512	252.4
1738	4.031		2875	34.2	512	252.2
1739	4.188		2877	34.2	512	252.3
1740	4.125		2890	34.0	512	253.4
1741	4.000		2871	34.2	512	251.7
1742	4.062		2872	34.2	512	251.7
1743	4.062		2893	34.0	512	253.5
1744	4.031		2880	34.1	512	252.3
1745	4.125		2883	34.1	512	252.6
1746	3.906		2911	33.8	512	255.0
1747	4.125		2882	34.1	512	252.3
1748	4.031		2872	34.2	512	251.4
1749	3.844		2881	34.1	512	252.1
1750	3.984		2876	34.2	512	251.7
1751	4.031	4.219	2880	34.1	512	252.0
1752	4.031		2890	34.0	512	252.8
1753	4.375		2899	33.9	512	253.6
1754	4.156		2888	34.0	512	252.6
1755	4.125		2878	34.2	512	251.6
1756	4.062		2892	34.0	512	252.8
1757	3.953		2862	34.3	512	250.2
1758	4.031		2877	34.2	512	251.4
1759	4.156		2869	34.3	512	250.6
1760	4.188		2885	34.1	512	252.0
1761	4.156		2903	33.9	512	253.5
1762	4.250		2870	34.2	512	250.6
1763	4.219		2883	34.1	512	251.7
1764	3.703		2885	34.1	512	251.8
1765	4.000		2869	34.3	512	250.3
1766	3.953		2892	34.0	512	252.3
1767	3.922		2865	34.3	512	249.9
1768	4.062		2887	34.0	512	251.8
1769	3.984		2880	34.1	512	251.2
1770	4.312		2876	34.2	512	250.8
1771	3.938		2892	34.0	512	252.1
1772	3.844		2881	34.1	512	251.1
1773	3.984		2875	34.2	512	250.5
1774	4.500		2894	34.0	512	252.1
1775	4.281		2876	34.2	512	250.5
1776	4.406		2869	34.3	512	249.8
1777	3.781		2884	34.1	512	251.1
1778	4.094		2872	34.2	512	250.0
1779	4.094		2893	34.0	512	251.8
1780	4.062		2885	34.1	512	251.1
1781	4.125		2880	34.1	512	250.5
1782	3.953		2908	33.8	512	253.0
1783	4.031		2882	34.1	512	250.7
1784	4.656		2881	34.1	512	250.5
1785	4.156		2879	34.1	512	250.3
1786	3.875		2876	34.2	512	250.0
1787	4.062		2881	34.1	512	250.3
1788	3.922		2896	33.9	512	251.6
1789	3.969		2881	34.1	512	250.3
1790	4.125		2877	34.2	512	249.9
1791	4.000		2864	34.3	512	248.7
1792	4.188		2892	34.0	512	251.0
1793	4.031		2868	34.3	512	248.9
1794	4.094		2881	34.1	512	250.1
1795	4.000		2878	34.2	512	249.8
1796	4.156		2862	34.3	512	248.3
1797	4.062		2870	34.2	512	249.0
1798	3.938		2881	34.1	512	249.8
1799	4.062		2867	34.3	512	248.6
1800	4.062		2860	34.4	512	247.9
1801	4.188		2882	34.1	512	249.8
1802	4.094		2887	34.0	512	250.2
1803	4.656		2889	34.0	512	250.3
1804	4.031		2877	34.2	512	249.2
1805	3.969		2869	34.3	512	248.5
1806	4.125		2886	34.1	512	249.9
1807	4.531		2879	34.1	512	249.2
1808	3.922		2870	34.3	512	248.4
1809	3.922		2879	34.1	512	249.2
1810	4.000		2876	34.2	512	248.8
1811	4.062		2866	34.3	512	248.0
1812	4.062		2874	34.2	512	248.5
1813	3.922		2859	34.4	512	247.2
1814	3.828		2875	34.2	512	248.6
1815	3.938		2880	34.1	512	249.0
1816	4.062		2879	34.1	512	248.8
1817	4.438		2889	34.0	512	249.6
1818	4.344		2866	34.3	512	247.5
1819	4.094		2871	34.2	512	247.9
1820	3.984		2871	34.2	512	247.9
1821	4.312		2877	34.2	512	248.4
1822	3.953		2870	34.3	512	247.7
1823	3.594		2885	34.1	512	249.0
1824	4.250		2868	34.3	512	247.4
1825	4.156		2894	34.0	512	249.6
1826	4.688		2897	33.9	512	249.9
1827	4.125		2869	34.3	512	247.4
1828	4.031		2864	34.3	512	246.9
1829	4.438		2895	34.0	512	249.6
1830	3.969		2876	34.2	512	247.9
1831	4.125		2877	34.2	512	247.9
1832	4.031		2882	34.1	512	248.3
1833	4.031		2888	34.0	512	248.8
1834	3.922		2872	34.2	512	247.4
1835	3.516		2895	34.0	512	249.2
1836	4.031		2874	34.2	512	247.4
1837	4.031		2864	34.3	512	246.5
1838	3.969		2870	34.3	512	246.9
1839	4.125		2888	34.0	512	248.5
1840	4.188		2879	34.2	512	247.6
1841	3.953		2881	34.1	512	247.8
1842	4.031		2877	34.2	512	247.4
1843	3.750		2877	34.2	512	247.3
1844	3.953		2866	34.3	512	246.3
1845	3.594		2886	34.1	512	248.0
1846	4.031		2870	34.2	512	246.6
1847	3.875		2869	34.3	512	246.4
1848	3.906		2894	34.0	512	248.6
1849	3.922		2878	34.2	512	247.1
1850	3.922		2870	34.2	512	246.4
1851	4.000		2872	34.2	512	246.6
1852	3.938		2872	34.2	512	246.4
1853	3.984		2898	33.9	512	248.6
1854	4.312		2903	33.9	512	249.0
1855	4.250		2892	34.0	512	248.0
1856	4.188		2879	34.1	512	246.8
1857	4.156		2872	34.2	512	246.2
1858	3.891		2868	34.3	512	245.9
1859	3.875		2868	34.3	512	245.8
1860	3.859		2879	34.1	512	246.7
1861	3.891		2867	34.3	512	245.6
1862	3.922		2876	34.2	512	246.3
1863	4.094		2877	34.2	512	246.4
1864	3.625		2868	34.3	512	245.6
1865	3.953		2878	34.2	512	246.3
1866	3.531		2880	34.1	512	246.5
1867	3.969		2883	34.1	512	246.7
1868	4.219		2871	34.2	512	245.6
1869	4.250		2891	34.0	512	247.3
1870	3.781		2883	34.1	512	246.6
1871	3.875		2859	34.4	512	244.5
1872	3.719		2891	34.0	512	247.1
1873	3.938		2866	34.3	512	245.0
1874	3.969		2886	34.1	512	246.6
1875	4.250		2877	34.2	512	245.8
1876	3.797		2876	34.2	512	245.7
1877	3.969		2878	34.2	512	245.8
1878	4.188		2886	34.1	512	246.4
1879	3.859		2876	34.2	512	245.5
1880	4.000		2881	34.1	512	245.9
1881	3.922		2874	34.2	512	245.2
1882	4.125		2883	34.1	512	246.0
1883	3.859		2868	34.3	512	244.6
1884	3.703		2889	34.0	512	246.4
1885	4.156		2891	34.0	512	246.5
1886	3.672		2874	34.2	512	245.0
1887	4.062		2869	34.3	512	244.6
1888	4.219		2882	34.1	512	245.6
1889	3.969		2884	34.1	512	245.7
1890	3.844		2884	34.1	512	245.7
1891	4.188		2894	34.0	512	246.4
1892	4.094		2888	34.0	512	245.9
1893	3.781		2882	34.1	512	245.4
1894	3.797		2885	34.1	512	245.6
1895	4.000		2880	34.1	512	245.1
1896	4.094		2876	34.2	512	244.7
1897	3.781		2873	34.2	512	244.4
1898	3.953		2869	34.3	512	244.0
1899	3.906		2886	34.1	512	245.4
1900	4.125		2867	34.3	512	243.7
1901	3.906		2868	34.3	512	243.8
1902	3.781		2869	34.3	512	243.8
1903	3.750		2877	34.2	512	244.5
1904	3.891		2876	34.2	512	244.3
1905	3.828		2862	34.3	512	243.1
1906	3.984		2881	34.1	512	244.6
1907	4.062		2880	34.1	512	244.5
1908	3.938		2875	34.2	512	244.0
1909	4.031		2874	34.2	512	243.9
1910	4.219		2875	34.2	512	243.9
1911	3.984		2869	34.3	512	243.4
1912	3.906		2874	34.2	512	243.7
1913	3.969		2880	34.1	512	244.2
1914	4.031		2893	34.0	512	245.3
1915	4.312		2880	34.1	512	244.1
1916	3.828		2882	34.1	512	244.2
1917	4.062		2875	34.2	512	243.6
1918	3.547		2885	34.1	512	244.4
1919	3.891		2894	34.0	512	245.2
1920	3.969		2886	34.1	512	244.4
1921	3.719		2875	34.2	512	243.4
1922	3.750		2882	34.1	512	244.0
1923	3.984		2896	33.9	512	245.1
1924	4.062		2883	34.1	512	244.0
1925	4.000		2883	34.1	512	243.9
1926	3.781		2883	34.1	512	243.9
1927	3.891		2893	34.0	512	244.6
1928	3.953		2877	34.2	512	243.3
1929	4.031		2877	34.2	512	243.2
1930	3.953		2891	34.0	512	244.4
1931	3.609		2881	34.1	512	243.4
1932	3.828		2882	34.1	512	243.5
1933	4.062		2886	34.1	512	243.8
1934	3.734		2893	34.0	512	244.3
1935	3.703		2883	34.1	512	243.4
1936	4.312		2892	34.0	512	244.2
1937	3.562		2877	34.2	512	242.9
1938	3.766		2880	34.1	512	243.0
1939	3.844		2888	34.0	512	243.6
1940	3.797		2880	34.1	512	242.9
1941	3.828		2879	34.1	512	242.8
1942	3.938		2890	34.0	512	243.7
1943	4.000		2890	34.0	512	243.6
1944	3.828		2890	34.0	512	243.6
1945	4.125		2890	34.0	512	243.5
1946	3.859		2888	34.0	512	243.3
1947	3.969		2884	34.1	512	243.0
1948	4.312		2879	34.1	512	242.5
1949	3.703		2873	34.2	512	241.9
1950	4.000		2883	34.1	512	242.7
1951	4.219		2886	34.1	512	242.9
1952	3.656		2883	34.1	512	242.6
1953	4.031		2868	34.3	512	241.3
1954	3.500		2876	34.2	512	241.9
1955	3.812		2880	34.1	512	242.2
1956	3.906		2878	34.2	512	242.0
1957	4.062		2877	34.2	512	241.9
1958	3.953		2881	34.1	512	242.2
1959	4.062		2891	34.0	512	243.0
1960	3.984		2890	34.0	512	242.8
1961	3.719		2884	34.1	512	242.3
1962	4.156		2876	34.2	512	241.5
1963	3.938		2880	34.1	512	241.8
1964	3.781		2884	34.1	512	242.1
1965	3.766		2876	34.2	512	241.4
1966	5.156		2910	33.8	512	244.2
1967	3.797		2881	34.1	512	241.7
1968	3.766		2872	34.2	512	240.9
1969	3.781		2882	34.1	512	241.7
1970	3.906		2882	34.1	512	241.6
1971	3.953		2880	34.1	512	241.4
1972	3.734		2883	34.1	512	241.7
1973	4.062		2878	34.2	512	241.2
1974	3.906		2876	34.2	512	240.9
1975	3.641		2875	34.2	512	240.9
1976	3.703		2882	34.1	512	241.4
1977	3.719		2872	34.2	512	240.5
1978	3.828		2880	34.1	512	241.1
1979	3.844		2877	34.2	512	240.8
1980	3.703		2875	34.2	512	240.6
1981	4.031		2912	33.8	512	243.7
1982	4.031		2873	34.2	512	240.3
1983	3.938		2875	34.2	512	240.4
1984	4.000		2880	34.1	512	240.8
1985	4.156		2870	34.3	512	239.9
1986	4.031		2877	34.2	512	240.5
1987	4.125		2879	34.1	512	240.6
1988	4.125		2895	34.0	512	241.9
1989	4.156		2883	34.1	512	240.8
1990	4.094		2881	34.1	512	240.6
1991	4.062		2876	34.2	512	240.1
1992	3.953		2864	34.3	512	239.1
1993	3.828		2872	34.2	512	239.7
1994	3.938		2886	34.1	512	240.9
1995	3.953		2881	34.1	512	240.3
1996	3.906		2865	34.3	512	239.0
1997	3.984		2886	34.1	512	240.7
1998	3.922		2867	34.3	512	239.1
1999	3.984		2882	34.1	512	240.3
2000	3.172		2904	33.8	512	242.1
2001	4.094	4.086	2880	34.1	512	240.0
2002	3.953		2861	34.4	512	238.4
2003	3.562		2901	33.9	512	241.7
2004	4.031		2884	34.1	512	240.2
2005	4.156		2888	34.0	512	240.5
2006	3.938		2885	34.1	512	240.2
2007	4.219		2869	34.3	512	238.8
2008	4.031		2862	34.4	512	238.1
2009	4.000		2880	34.1	512	239.6
2010	4.156		2885	34.1	512	240.0
2011	3.953		2894	34.0	512	240.7
2012	4.125		2888	34.0	512	240.2
2013	3.922		2886	34.1	512	239.9
2014	4.062		2867	34.3	512	238.3
2015	4.344		2893	34.0	512	240.4
2016	4.031		2878	34.2	512	239.1
2017	4.375		2893	34.0	512	240.3
2018	3.812		2893	34.0	512	240.3
2019	3.891		2869	34.3	512	238.2
2020	4.219		2895	34.0	512	240.3
2021	3.859		2866	34.3	512	237.8
2022	4.281		2877	34.2	512	238.7
2023	3.828		2876	34.2	512	238.6
2024	4.062		2863	34.3	512	237.5
2025	3.812		2879	34.1	512	238.8
2026	4.000		2871	34.2	512	238.1
2027	4.094		2882	34.1	512	239.0
2028	4.062		2869	34.3	512	237.8
2029	4.031		2872	34.2	512	238.0
2030	3.859		2885	34.1	512	239.0
2031	4.031		2874	34.2	512	238.1
2032	4.125		2888	34.0	512	239.2
2033	4.156		2890	34.0	512	239.3
2034	3.922		2877	34.2	512	238.1
2035	3.953		2862	34.3	512	236.9
2036	4.406		2892	34.0	512	239.3
2037	3.875		2887	34.1	512	238.8
2038	3.969		2882	34.1	512	238.4
2039	4.000		2870	34.3	512	237.4
2040	3.922		2877	34.2	512	237.9
2041	3.953		2867	34.3	512	237.0
2042	3.688		2884	34.1	512	238.4
2043	4.062		2875	34.2	512	237.6
2044	3.922		2872	34.2	512	237.3
2045	3.969		2865	34.3	512	236.7
2046	4.188		2878	34.2	512	237.7
2047	4.094		2885	34.1	512	238.2
2048	4.094		2861	34.4	512	236.1
2049	3.703		2880	34.1	512	237.7
2050	4.375		2880	34.1	512	237.6
2051	3.812		2871	34.2	512	236.9
2052	4.031		2879	34.1	512	237.5
2053	3.672		2871	34.2	512	236.8
2054	3.984		2877	34.2	512	237.2
2055	3.688		2865	34.3	512	236.2
2056	3.781		2870	34.3	512	236.5
2057	3.844		2867	34.3	512	236.2
2058	4.062		2906	33.8	512	239.4
2059	3.844		2879	34.1	512	237.1
2060	4.000		2868	34.3	512	236.2
2061	4.062		2863	34.3	512	235.7
2062	3.922		2895	34.0	512	238.3
2063	4.062		2874	34.2	512	236.5
2064	4.125		2881	34.1	512	237.0
2065	4.250		2890	34.0	512	237.7
2066	4.062		2885	34.1	512	237.3
2067	3.891		2885	34.1	512	237.2
2068	3.891		2881	34.1	512	236.9
2069	4.000		2885	34.1	512	237.2
2070	3.562		2880	34.1	512	236.7
2071	4.000		2878	34.2	512	236.5
2072	3.906		2865	34.3	512	235.3
2073	3.938		2868	34.3	512	235.6
2074	4.156		2870	34.3	512	235.6
2075	4.062		2866	34.3	512	235.3
2076	4.000		2867	34.3	512	235.4
2077	4.000		2864	34.3	512	235.0
2078	3.875		2885	34.1	512	236.7
2079	3.594		2879	34.2	512	236.1
2080	4.250		2869	34.3	512	235.3
2081	4.094		2870	34.3	512	235.3
2082	3.812		2863	34.3	512	234.7
2083	3.875		2880	34.1	512	236.1
2084	3.891		2876	34.2	512	235.7
2085	4.000		2878	34.2	512	235.8
2086	4.031		2877	34.2	512	235.7
2087	3.719		2878	34.2	512	235.7
2088	3.641		2878	34.2	512	235.7
2089	3.844		2869	34.3	512	234.9
2090	3.969		2879	34.1	512	235.6
2091	4.062		2874	34.2	512	235.2
2092	4.094		2869	34.3	512	234.7
2093	3.859		2873	34.2	512	235.0
2094	4.125		2883	34.1	512	235.8
2095	4.062		2865	34.3	512	234.2
2096	4.656		2886	34.1	512	235.9
2097	3.781		2868	34.3	512	234.4
2098	3.641		2889	34.0	512	236.1
2099	3.797		2874	34.2	512	234.8
2100	3.906		2882	34.1	512	235.4
2101	3.984		2883	34.1	512	235.5
2102	4.062		2875	34.2	512	234.7
2103	4.156		2886	34.1	512	235.6
2104	3.875		2872	34.2	512	234.4
2105	4.156		2888	34.0	512	235.6
2106	3.625		2869	34.3	512	234.1
2107	3.891		2875	34.2	512	234.5
2108	4.062		2875	34.2	512	234.4
2109	3.828		2873	34.2	512	234.2
2110	3.859		2877	34.2	512	234.5
2111	3.781		2884	34.1	512	235.0
2112	3.906		2879	34.2	512	234.6
2113	3.891		2883	34.1	512	234.9
2114	3.875		2866	34.3	512	233.5
2115	4.094		2885	34.1	512	234.9
2116	3.906		2874	34.2	512	234.0
2117	3.969		2876	34.2	512	234.1
2118	3.875		2883	34.1	512	234.6
2119	3.953		2873	34.2	512	233.7
2120	3.875		2872	34.2	512	233.6
2121	4.156		2867	34.3	512	233.2
2122	3.953		2872	34.2	512	233.5
2123	3.719		2864	34.3	512	232.8
2124	4.250		2873	34.2	512	233.5
2125	3.906		2864	34.3	512	232.8
2126	3.844		2868	34.3	512	233.0
2127	3.703		2883	34.1	512	234.2
2128	3.875		2869	34.3	512	233.0
2129	3.922		2873	34.2	512	233.3
2130	3.797		2879	34.2	512	233.7
2131	3.906		2869	34.3	512	232.9
2132	3.797		2872	34.2	512	233.1
2133	4.031		2879	34.1	512	233.6
2134	3.828		2870	34.2	512	232.8
2135	3.812		2873	34.2	512	233.0
2136	4.156		2882	34.1	512	233.7
2137	3.812		2870	34.3	512	232.6
2138	3.812		2875	34.2	512	233.0
2139	3.891		2888	34.0	512	234.0
2140	3.750		2878	34.2	512	233.2
2141	3.906		2864	34.3	512	232.0
2142	3.812		2877	34.2	512	233.0
2143	3.984		2889	34.0	512	233.9
2144	3.797		2896	33.9	512	234.4
2145	4.062		2877	34.2	512	232.9
2146	3.891		2877	34.2	512	232.8
2147	3.984		2877	34.2	512	232.7
2148	3.844		2873	34.2	512	232.4
2149	3.891		2878	34.2	512	232.7
2150	3.938		2871	34.2	512	232.1
2151	4.062		2873	34.2	512	232.2
2152	4.062		2866	34.3	512	231.6
2153	4.219		2880	34.1	512	232.7
2154	3.688		2872	34.2	512	232.0
2155	3.859		2872	34.2	512	231.9
2156	4.125		2886	34.1	512	233.1
2157	4.000		2877	34.2	512	232.3
2158	4.125		2884	34.1	512	232.8
2159	4.219		2875	34.2	512	232.0
2160	3.625		2871	34.2	512	231.6
2161	3.625		2877	34.2	512	232.0
2162	3.906		2881	34.1	512	232.4
2163	3.734		2879	34.1	512	232.2
2164	3.797		2887	34.1	512	232.7
2165	3.844		2878	34.2	512	232.0
2166	3.812		2883	34.1	512	232.3
2167	3.453		2887	34.1	512	232.6
2168	4.125		2889	34.0	512	232.7
2169	4.000		2874	34.2	512	231.4
2170	3.922		2887	34.0	512	232.5
2171	3.750		2890	34.0	512	232.7
2172	4.000		2879	34.1	512	231.7
2173	3.828		2887	34.1	512	232.3
2174	3.703		2874	34.2	512	231.2
2175	3.922		2869	34.3	512	230.8
2176	3.781		2890	34.0	512	232.4
2177	3.969		2864	34.3	512	230.3
2178	4.062		2865	34.3	512	230.3
2179	3.828		2870	34.3	512	230.6
2180	3.859		2885	34.1	512	231.8
2181	3.547		2882	34.1	512	231.6
2182	3.922		2887	34.1	512	231.9
2183	4.062		2883	34.1	512	231.5
2184	4.031		2871	34.2	512	230.5
2185	3.672		2887	34.0	512	231.7
2186	3.891		2887	34.1	512	231.7
2187	3.797		2876	34.2	512	230.7
2188	3.781		2878	34.2	512	230.8
2189	3.688		2881	34.1	512	231.0
2190	3.875		2881	34.1	512	231.0
2191	3.938		2882	34.1	512	231.1
2192	3.656		2885	34.1	512	231.2
2193	3.812		2876	34.2	512	230.4
2194	3.734		2884	34.1	512	231.0
2195	3.844		2886	34.1	512	231.2
2196	3.656		2877	34.2	512	230.4
2197	3.938		2881	34.1	512	230.7
2198	3.750		2878	34.2	512	230.4
2199	3.719		2870	34.3	512	229.7
2200	3.688		2879	34.1	512	230.4
2201	4.031		2879	34.1	512	230.4
2202	4.781		2906	33.8	512	232.4
2203	3.969		2888	34.0	512	230.9
2204	3.859		2881	34.1	512	230.3
2205	3.781		2882	34.1	512	230.4
2206	3.734		2864	34.3	512	228.9
2207	3.656		2880	34.1	512	230.1
2208	3.781		2879	34.1	512	230.0
2209	3.828		2882	34.1	512	230.2
2210	3.984		2894	34.0	512	231.1
2211	3.984		2882	34.1	512	230.1
2212	3.844		2879	34.1	512	229.8
2213	3.953		2869	34.3	512	228.9
2214	3.766		2894	34.0	512	230.9
2215	3.953		2885	34.1	512	230.1
2216	3.750		2874	34.2	512	229.2
2217	3.891		2893	34.0	512	230.7
2218	3.969		2886	34.1	512	230.0
2219	3.828		2881	34.1	512	229.6
2220	3.797		2876	34.2	512	229.2
2221	3.922		2880	34.1	512	229.4
2222	4.094		2863	34.3	512	228.1
2223	4.219		2874	34.2	512	228.9
2224	3.938		2870	34.3	512	228.5
2225	3.734		2894	34.0	512	230.4
2226	4.094		2875	34.2	512	228.8
2227	3.953		2890	34.0	512	229.9
2228	4.219		2869	34.3	512	228.2
2229	4.188		2871	34.2	512	228.4
2230	4.188		2899	33.9	512	230.5
2231	4.094		2874	34.2	512	228.5
2232	3.922		2872	34.2	512	228.2
2233	4.031		2879	34.2	512	228.7
2234	3.953		2891	34.0	512	229.7
2235	3.953		2884	34.1	512	229.1
2236	3.922		2895	34.0	512	229.9
2237	3.906		2877	34.2	512	228.5
2238	3.812		2875	34.2	512	228.3
2239	4.062		2883	34.1	512	228.8
2240	3.984		2873	34.2	512	227.9
2241	4.375		2901	33.9	512	230.1
2242	4.062		2861	34.4	512	226.9
2243	4.031		2883	34.1	512	228.6
2244	4.031		2864	34.3	512	227.1
2245	4.062		2872	34.2	512	227.6
2246	4.125		2873	34.2	512	227.7
2247	4.062		2869	34.3	512	227.3
2248	3.859		2877	34.2	512	227.9
2249	3.719		2870	34.2	512	227.3
2250	4.125		2885	34.1	512	228.5
2251	4.156	4.203	2887	34.1	512	228.5
2252	4.312		2892	34.0	512	228.9
2253	4.062		2873	34.2	512	227.4
2254	3.938		2881	34.1	512	227.9
2255	3.984		2873	34.2	512	227.2
2256	3.844		2872	34.2	512	227.1
2257	3.891		2876	34.2	512	227.4
2258	4.094		2883	34.1	512	227.9
2259	4.031		2899	33.9	512	229.1
2260	4.312		2891	34.0	512	228.5
2261	4.188		2873	34.2	512	226.9
2262	4.156		2873	34.2	512	226.9
2263	3.844		2882	34.1	512	227.6
2264	3.828		2875	34.2	512	227.0
2265	3.828		2882	34.1	512	227.5
2266	4.219		2885	34.1	512	227.7
2267	4.031		2868	34.3	512	226.3
2268	3.953		2871	34.2	512	226.4
2269	3.953		2872	34.2	512	226.5
2270	3.953		2872	34.2	512	226.4
2271	3.875		2881	34.1	512	227.1
2272	3.891		2877	34.2	512	226.7
2273	3.906		2873	34.2	512	226.4
2274	3.875		2902	33.9	512	228.6
2275	3.844		2897	33.9	512	228.2
2276	3.922		2877	34.2	512	226.5
2277	4.438		2868	34.3	512	225.8
2278	3.938		2888	34.0	512	227.4
2279	3.922		2871	34.2	512	225.9
2280	4.188		2877	34.2	512	226.4
2281	3.875		2860	34.4	512	225.0
2282	3.828		2871	34.2	512	225.8
2283	3.984		2891	34.0	512	227.4
2284	4.125		2866	34.3	512	225.3
2285	3.797		2863	34.3	512	225.0
2286	3.875		2879	34.1	512	226.2
2287	3.453		2884	34.1	512	226.6
2288	3.938		2874	34.2	512	225.8
2289	4.156		2892	34.0	512	227.1
2290	4.062		2895	34.0	512	227.3
2291	4.344		2913	33.7	512	228.7
2292	3.781		2886	34.1	512	226.5
2293	4.156		2885	34.1	512	226.4
2294	4.125		2876	34.2	512	225.6
2295	4.062		2888	34.0	512	226.5
2296	4.000		2875	34.2	512	225.4
2297	4.000		2877	34.2	512	225.6
2298	4.000		2884	34.1	512	226.1
2299	3.812		2871	34.2	512	225.0
2300	3.766		2874	34.2	512	225.2
2301	4.094		2867	34.3	512	224.6
2302	3.844		2865	34.3	512	224.4
2303	3.953		2880	34.1	512	225.5
2304	3.734		2878	34.2	512	225.3
2305	3.859		2888	34.0	512	226.0
2306	4.656		2899	33.9	512	226.8
2307	4.000		2895	34.0	512	226.5
2308	4.094		2880	34.1	512	225.2
2309	4.094		2880	34.1	512	225.2
2310	3.969		2882	34.1	512	225.3
2311	4.188		2876	34.2	512	224.8
2312	3.828		2889	34.0	512	225.8
2313	5.688		2898	33.9	512	226.5
2314	3.969		2883	34.1	512	225.2
2315	4.062		2878	34.2	512	224.8
2316	3.828		2873	34.2	512	224.4
2317	4.031		2887	34.1	512	225.4
2318	3.812		2876	34.2	512	224.5
2319	4.188		2870	34.3	512	223.9
2320	3.859		2866	34.3	512	223.6
2321	3.859		2878	34.2	512	224.5
2322	4.438		2889	34.0	512	225.3
2323	3.969		2869	34.3	512	223.7
2324	4.125		2897	33.9	512	225.8
2325	3.938		2875	34.2	512	224.1
2326	3.844		2869	34.3	512	223.5
2327	4.094		2875	34.2	512	224.0
2328	3.812		2885	34.1	512	224.7
2329	4.000		2882	34.1	512	224.4
2330	4.094		2871	34.2	512	223.5
2331	4.125		2877	34.2	512	223.9
2332	3.953		2888	34.0	512	224.7
2333	3.938		2877	34.2	512	223.8
2334	3.844		2886	34.1	512	224.5
2335	3.969		2969	33.1	768	230.9
2336	4.188		3038	32.4	768	236.2
2337	4.000		2987	32.9	768	232.2
2338	3.844		2967	33.1	768	230.6
2339	3.953		2972	33.1	768	230.9
2340	4.531		2972	33.1	768	230.9
2341	3.719		2941	33.4	768	228.4
2342	3.875		2962	33.2	768	230.0
2343	3.969		2964	33.2	768	230.1
2344	3.922		2934	33.5	768	227.7
2345	4.125		2941	33.4	768	228.2
2346	3.781		2958	33.2	768	229.5
2347	3.875		2960	33.2	768	229.6
2348	4.156		2943	33.4	768	228.2
2349	4.031		2937	33.5	768	227.7
2350	3.781		2956	33.3	768	229.2
2351	3.859		2939	33.5	768	227.7
2352	3.719		2974	33.1	768	230.4
2353	3.938		2936	33.5	768	227.5
2354	3.922		2942	33.4	768	227.8
2355	3.828		2947	33.4	768	228.2
2356	3.906		2919	33.7	768	226.0
2357	3.875		2929	33.6	768	226.7
2358	4.156		2934	33.5	768	227.1
2359	4.156		2950	33.3	768	228.3
2360	3.875		2927	33.6	768	226.4
2361	3.906		2946	33.4	768	227.8
2362	3.969		2961	33.2	768	229.0
2363	3.797		2952	33.3	768	228.2
2364	3.969		2937	33.5	768	227.0
2365	3.594		2929	33.6	768	226.3
2366	3.875		2929	33.6	768	226.3
2367	3.953		2915	33.7	768	225.1
2368	3.766		2939	33.5	768	226.9
2369	3.984		2912	33.8	768	224.8
2370	3.891		2938	33.5	768	226.8
2371	4.031		2984	32.9	768	230.3
2372	3.812		2971	33.1	768	229.2
2373	3.922		2953	33.3	768	227.7
2374	4.094		2983	33.0	768	230.0
2375	3.859		2935	33.5	768	226.3
2376	4.031		2928	33.6	768	225.7
2377	3.828		2959	33.2	768	228.1
2378	3.891		2925	33.6	768	225.4
2379	3.875		2957	33.2	768	227.8
2380	3.969		2922	33.6	768	225.1
2381	4.156		2951	33.3	768	227.3
2382	3.891		2956	33.3	768	227.5
2383	3.859		2945	33.4	768	226.7
2384	3.609		2949	33.3	768	226.9
2385	4.156		2937	33.5	768	225.9
2386	4.156		2996	32.8	768	230.5
2387	3.922		2974	33.1	768	228.7
2388	4.500		2993	32.8	768	230.1
2389	3.938		2927	33.6	768	225.0
2390	3.719		2936	33.5	768	225.6
2391	3.828		2950	33.3	768	226.6
2392	4.094		2977	33.0	768	228.7
2393	4.000		2971	33.1	768	228.1
2394	3.672		2955	33.3	768	226.9
2395	4.031		2965	33.2	768	227.6
2396	3.688		2947	33.4	768	226.2
2397	3.641		2926	33.6	768	224.5
2398	3.703		2929	33.6	768	224.7
2399	4.094		2952	33.3	768	226.4
2400	3.734		2971	33.1	768	227.8
2401	3.812		2975	33.0	768	228.1
2402	3.969		2944	33.4	768	225.6
2403	4.438		2990	32.9	768	229.1
2404	4.031		2952	33.3	768	226.2
2405	3.922		2936	33.5	768	224.9
2406	4.188		3011	32.7	768	230.6
2407	3.875		2963	33.2	768	226.8
2408	3.734		2954	33.3	768	226.1
2409	4.094		2940	33.4	768	225.0
2410	4.062		2941	33.4	768	225.0
2411	4.000		2984	32.9	768	228.2
2412	3.734		2959	33.2	768	226.3
2413	3.719		3003	32.7	768	229.6
2414	4.062		2970	33.1	768	227.1
2415	3.734		2969	33.1	768	226.9
2416	3.859		2941	33.4	768	224.7
2417	3.797		2934	33.5	768	224.1
2418	4.062		2956	33.3	768	225.8
2419	4.031		2963	33.2	768	226.3
2420	3.750		2957	33.2	768	225.8
2421	3.766		2973	33.1	768	226.9
2422	3.859		2961	33.2	768	226.0
2423	3.656		2951	33.3	768	225.2
2424	4.094		2982	33.0	768	227.5
2425	4.000		2959	33.2	768	225.6
2426	4.031		2957	33.2	768	225.5
2427	3.781		2949	33.3	768	224.8
2428	3.922		2955	33.3	768	225.2
2429	3.656		2940	33.4	768	224.1
2430	3.500		2950	33.3	768	224.8
2431	4.031		2955	33.3	768	225.1
2432	3.875		2967	33.1	768	225.9
2433	3.797		2943	33.4	768	224.1
2434	3.812		2956	33.3	768	225.0
2435	3.797		2960	33.2	768	225.3
2436	3.625		2962	33.2	768	225.4
2437	3.844		2982	33.0	768	226.8
2438	3.891		2951	33.3	768	224.4
2439	3.953		2972	33.1	768	226.0
2440	3.781		2951	33.3	768	224.4
2441	3.516		2974	33.1	768	226.0
2442	3.812		2952	33.3	768	224.3
2443	3.719		2951	33.3	768	224.2
2444	4.188		2962	33.2	768	225.0
2445	4.062		2966	33.1	768	225.2
2446	3.797		2916	33.7	768	221.4
2447	3.672		2959	33.2	768	224.6
2448	3.781		2948	33.3	768	223.7
2449	4.031		2981	33.0	768	226.2
2450	4.125		2976	33.0	768	225.7
2451	3.984		2972	33.1	768	225.4
2452	3.641		2976	33.0	768	225.6
2453	3.609		2947	33.4	768	223.4
2454	3.688		2970	33.1	768	225.1
2455	3.766		2958	33.2	768	224.1
2456	3.672		2952	33.3	768	223.7
2457	3.844		2967	33.1	768	224.7
2458	3.750		2944	33.4	768	222.9
2459	4.000		2942	33.4	768	222.7
2460	3.812		2950	33.3	768	223.3
2461	3.844		2944	33.4	768	222.7
2462	3.922		2942	33.4	768	222.6
2463	3.906		2972	33.1	768	224.8
2464	3.688		2940	33.4	768	222.3
2465	3.812		2942	33.4	768	222.4
2466	3.844		2965	33.2	768	224.1
2467	3.562		2948	33.3	768	222.8
2468	3.750		2932	33.5	768	221.5
2469	3.625		2952	33.3	768	222.9
2470	3.922		2948	33.3	768	222.6
2471	3.719		2931	33.5	768	221.3
2472	3.719		2939	33.4	768	221.9
2473	3.750		2938	33.5	768	221.8
2474	4.094		3016	32.6	768	227.6
2475	3.859		2959	33.2	768	223.2
2476	4.125		2977	33.0	768	224.5
2477	3.828		2959	33.2	768	223.1
2478	4.219		3035	32.4	768	228.8
2479	3.984		2959	33.2	768	223.0
2480	3.719		2947	33.4	768	222.1
2481	3.703		2977	33.0	768	224.3
2482	3.797		2963	33.2	768	223.1
2483	3.656		2953	33.3	768	222.4
2484	3.922		2927	33.6	768	220.4
2485	4.219		2942	33.4	768	221.4
2486	3.984		2959	33.2	768	222.7
2487	3.938		2954	33.3	768	222.2
2488	4.125		2934	33.5	768	220.7
2489	3.844		2964	33.2	768	222.9
2490	3.922		2971	33.1	768	223.3
2491	3.984		2966	33.1	768	222.9
2492	4.500		3012	32.6	768	226.3
2493	3.938		2941	33.4	768	221.0
2494	4.031		2962	33.2	768	222.5
2495	4.219		2964	33.2	768	222.6
2496	4.031		2930	33.6	768	220.0
2497	3.719		2973	33.1	768	223.2
2498	4.000		2963	33.2	768	222.4
2499	3.484		2946	33.4	768	221.0
2500	3.859		2952	33.3	768	221.5
2501	3.844	3.963	2951	33.3	768	221.3
2502	3.953		2935	33.5	768	220.1
2503	4.000		2967	33.1	768	222.4
2504	4.094		2945	33.4	768	220.7
2505	4.125		2943	33.4	768	220.5
2506	3.922		2967	33.1	768	222.3
2507	4.000		2998	32.8	768	224.5
2508	4.219		2947	33.4	768	220.7
2509	4.094		2974	33.1	768	222.7
2510	4.031		2983	33.0	768	223.3
2511	3.906		2951	33.3	768	220.8
2512	3.922		2965	33.2	768	221.8
2513	3.969		2956	33.3	768	221.1
2514	4.000		2951	33.3	768	220.7
2515	3.953		2931	33.5	768	219.2
2516	3.969		2930	33.6	768	219.0
2517	3.906		2931	33.5	768	219.0
2518	3.641		2978	33.0	768	222.5
2519	3.750		2997	32.8	768	223.9
2520	4.125		2972	33.1	768	222.0
2521	3.906		2955	33.3	768	220.6
2522	4.062		2941	33.4	768	219.5
2523	3.969		2956	33.3	768	220.6
2524	3.750		2957	33.2	768	220.6
2525	4.312		2993	32.8	768	223.3
2526	3.859		2947	33.4	768	219.8
2527	3.781		2937	33.5	768	219.0
2528	3.797		2951	33.3	768	220.0
2529	5.125		2989	32.9	768	222.8
2530	4.375		2969	33.1	768	221.2
2531	4.062		2960	33.2	768	220.5
2532	3.984		2948	33.3	768	219.6
2533	3.875		2963	33.2	768	220.6
2534	3.906		2963	33.2	768	220.6
2535	3.922		2950	33.3	768	219.6
2536	3.828		2951	33.3	768	219.6
2537	3.906		2912	33.8	768	216.6
2538	3.828		2945	33.4	768	219.1
2539	3.844		2939	33.4	768	218.6
2540	3.891		2944	33.4	768	218.9
2541	3.922		2928	33.6	768	217.6
2542	3.844		2975	33.0	768	221.1
2543	4.094		2949	33.3	768	219.1
2544	3.922		2937	33.5	768	218.2
2545	4.062		2967	33.1	768	220.3
2546	3.750		2951	33.3	768	219.1
2547	3.938		2942	33.4	768	218.4
2548	4.219		2974	33.1	768	220.7
2549	4.281		2989	32.9	768	221.8
2550	3.938		2971	33.1	768	220.4
2551	3.750		2958	33.2	768	219.4
2552	3.938		2941	33.4	768	218.1
2553	3.594		3025	32.5	768	224.3
2554	3.875		2971	33.1	768	220.2
2555	3.734		2946	33.4	768	218.3
2556	4.000		2982	33.0	768	220.9
2557	3.875		2956	33.3	768	219.0
2558	3.969		2939	33.4	768	217.7
2559	3.438		2958	33.2	768	219.0
2560	3.859		2972	33.1	768	220.0
2561	3.859		2949	33.3	768	218.3
2562	3.656		2952	33.3	768	218.4
2563	3.750		2950	33.3	768	218.2
2564	3.656		2948	33.4	768	218.0
2565	3.812		2955	33.3	768	218.4
2566	3.891		2943	33.4	768	217.5
2567	3.750		2946	33.4	768	217.7
2568	3.828		2903	33.9	768	214.5
2569	4.062		2971	33.1	768	219.5
2570	3.938		2964	33.2	768	218.9
2571	3.859		2961	33.2	768	218.6
2572	3.906		2933	33.5	768	216.5
2573	3.953		2956	33.3	768	218.2
2574	3.734		2970	33.1	768	219.1
2575	4.219		2975	33.0	768	219.4
2576	4.188		2970	33.1	768	219.0
2577	4.594		2979	33.0	768	219.7
2578	4.062		2974	33.0	768	219.3
2579	4.031		2988	32.9	768	220.2
2580	4.125		2980	33.0	768	219.6
